x;y;IC
0.0;0.0;20.528218160592974
0.0;0.14;20.6984479450545
0.0;0.28;20.93389208605897
0.0;0.42000000000000004;21.21134295281706
0.0;0.56;21.507908570815754
0.0;0.7000000000000001;21.804330161980225
0.0;0.8400000000000001;22.085986976655267
0.0;0.9800000000000001;22.341640210599778
0.0;1.12;22.56067050942564
0.0;1.2600000000000002;22.730033184366103
0.0;1.4000000000000001;22.83226333187957
0.0;1.54;22.845577629282857
0.0;1.6800000000000002;22.746513625760077
0.0;1.8200000000000003;22.5147801395225
0.0;1.9600000000000002;22.139268781859023
0.0;2.1;21.62369460832924
0.0;2.24;20.990233438531984
0.0;2.3800000000000003;20.27984983268575
0.0;2.5200000000000005;19.548700642662805
0.0;2.66;18.860898038158663
0.0;2.8000000000000003;18.278809765297773
0.0;2.9400000000000004;17.852744754108617
0.0;3.08;17.612148687469052
0.0;3.22;17.56023625714135
0.0;3.3600000000000003;17.67334424564755
0.0;3.5000000000000004;17.905336233908564
0.0;3.6400000000000006;18.19633321283208
0.0;3.7800000000000002;18.484118024609305
0.0;3.9200000000000004;18.715970984850944
0.0;4.0600000000000005;18.858570536376437
0.0;4.2;18.90396446457397
0.0;4.340000000000001;18.870404084997592
0.0;4.48;18.797867431967397
0.0;4.62;18.739159739453555
0.0;4.760000000000001;18.74835130484924
0.0;4.9;18.868821042095963
0.0;5.040000000000001;19.123226447313108
0.0;5.180000000000001;19.50732167413114
0.0;5.32;19.98878993329417
1.0;0.0;20.91342585827066
1.0;0.14;21.026727376988706
1.0;0.28;21.197117818592574
1.0;0.42000000000000004;21.402380389314867
1.0;0.56;21.62297427189458
1.0;0.7000000000000001;21.845292183444432
1.0;0.8400000000000001;22.062137153844347
1.0;0.9800000000000001;22.270503444340562
1.0;1.12;22.467534943933412
1.0;1.2600000000000002;22.646080953134284
1.0;1.4000000000000001;22.791427069628718
1.0;1.54;22.880500476751493
1.0;1.6800000000000002;22.884199255773076
1.0;1.8200000000000003;22.772636395519285
1.0;1.9600000000000002;22.522240085822325
1.0;2.1;22.12303430716008
1.0;2.24;21.5842060981195
1.0;2.3800000000000003;20.936320364980052
1.0;2.5200000000000005;20.22922598908411
1.0;2.66;19.52565746126785
1.0;2.8000000000000003;18.891551466898253
1.0;2.9400000000000004;18.38492580323979
1.0;3.08;18.045605655824055
1.0;3.22;17.888014404876344
1.0;3.3600000000000003;17.898673758002303
1.0;3.5000000000000004;18.039099105772372
1.0;3.6400000000000006;18.25363891285566
1.0;3.7800000000000002;18.48074267568686
1.0;3.9200000000000004;18.665386785091332
1.0;4.0600000000000005;18.770109608237473
1.0;4.2;18.78236879048594
1.0;4.340000000000001;18.71667931989624
1.0;4.48;18.611060057864847
1.0;4.62;18.51848159515899
1.0;4.760000000000001;18.49502536035945
1.0;4.9;18.587125280350826
1.0;5.040000000000001;18.820440891029527
1.0;5.180000000000001;19.192580130554415
1.0;5.32;19.67113093059366
2.0;0.0;21.029744010060497
2.0;0.14;21.120121691648365
2.0;0.28;21.24292795820007
2.0;0.42000000000000004;21.379183848201414
2.0;0.56;21.516479055077237
2.0;0.7000000000000001;21.651349343572512
2.0;0.8400000000000001;21.788410091345494
2.0;0.9800000000000001;21.936508150092223
2.0;1.12;22.10298628144111
2.0;1.2600000000000002;22.287719412556807
2.0;1.4000000000000001;22.47872725896577
2.0;1.54;22.650843295082993
2.0;1.6800000000000002;22.768192716646816
2.0;1.8200000000000003;22.790272200605816
2.0;1.9600000000000002;22.68046534844673
2.0;2.1;22.415109898999898
2.0;2.24;21.99094403871261
2.0;2.3800000000000003;21.428987806801644
2.0;2.5200000000000005;20.77362679214764
2.0;2.66;20.086706688263202
2.0;2.8000000000000003;19.43758326594304
2.0;2.9400000000000004;18.891038915589505
2.0;3.08;18.495543742468172
2.0;3.22;18.27436433387975
2.0;3.3600000000000003;18.221487572681617
2.0;3.5000000000000004;18.30333953782077
2.0;3.6400000000000006;18.466054169309054
2.0;3.7800000000000002;18.646852425150065
2.0;3.9200000000000004;18.787194287103528
2.0;4.0600000000000005;18.844962415557355
2.0;4.2;18.803117402601877
2.0;4.340000000000001;18.672991775556962
2.0;4.48;18.491505922176522
2.0;4.62;18.31285436153323
2.0;4.760000000000001;18.196357056649127
2.0;4.9;18.192959539753566
2.0;5.040000000000001;18.33313958851114
2.0;5.180000000000001;18.618690581273064
2.0;5.32;19.020073330538573
3.0;0.0;20.916206099995847
3.0;0.14;20.996891903480254
3.0;0.28;21.07361756947057
3.0;0.42000000000000004;21.133185442373545
3.0;0.56;21.173619899136973
3.0;0.7000000000000001;21.20499269234252
3.0;0.8400000000000001;21.246630307092552
3.0;0.9800000000000001;21.32124186517443
3.0;1.12;21.44733846856498
3.0;1.2600000000000002;21.631846510375144
3.0;1.4000000000000001;21.86490060577369
3.0;1.54;22.11839322465532
3.0;1.6800000000000002;22.3490340761584
3.0;1.8200000000000003;22.505614256528098
3.0;1.9600000000000002;22.539124257821463
3.0;2.1;22.413594320505187
3.0;2.24;22.115209463301518
3.0;2.3800000000000003;21.65749532346249
3.0;2.5200000000000005;21.081140515443227
3.0;2.66;20.448157209922794
3.0;2.8000000000000003;19.83133394268234
3.0;2.9400000000000004;19.30101907848469
3.0;3.08;18.911937277669878
3.0;3.22;18.69282304355806
3.0;3.3600000000000003;18.64112300476891
3.0;3.5000000000000004;18.723978874736137
3.0;3.6400000000000006;18.885378790661278
3.0;3.7800000000000002;19.05804490559997
3.0;3.9200000000000004;19.1775998350927
3.0;4.0600000000000005;19.19604998397983
3.0;4.2;19.091751564929396
3.0;4.340000000000001;18.873758135783433
3.0;4.48;18.579627852888667
3.0;4.62;18.267140104747966
3.0;4.760000000000001;18.001642044254442
3.0;4.9;17.84164888140312
3.0;5.040000000000001;17.825673603149582
3.0;5.180000000000001;17.96299826141012
3.0;5.32;18.230286633442162
3.0;5.460000000000001;18.57475533948345
4.0;0.0;20.69009757178812
4.0;0.14;20.751501450204874
4.0;0.28;20.768905178735764
4.0;0.42000000000000004;20.73738734854117
4.0;0.56;20.667561868081204
4.0;0.7000000000000001;20.584444721541498
4.0;0.8400000000000001;20.52252683834786
4.0;0.9800000000000001;20.517898320316082
4.0;1.12;20.599056618261052
4.0;1.2600000000000002;20.77848835015664
4.0;1.4000000000000001;21.04710610308227
4.0;1.54;21.373116878064636
4.0;1.6800000000000002;21.705985034876456
4.0;1.8200000000000003;21.98502042161504
4.0;1.9600000000000002;22.151025522918065
4.0;2.1;22.158632798336164
4.0;2.24;21.986657421196472
4.0;2.3800000000000003;21.64407702459396
4.0;2.5200000000000005;21.170090717029886
4.0;2.66;20.627936614736097
4.0;2.8000000000000003;20.093497395726033
4.0;2.9400000000000004;19.64089679790723
4.0;3.08;19.328017627899786
4.0;3.22;19.18497852759492
4.0;3.3600000000000003;19.20805311771459
4.0;3.5000000000000004;19.360409208467978
4.0;3.6400000000000006;19.579620736427604
4.0;3.7800000000000002;19.790468327182392
4.0;3.9200000000000004;19.920409129344108
4.0;4.0600000000000005;19.914511929906723
4.0;4.2;19.74674889418657
4.0;4.340000000000001;19.42529151471701
4.0;4.48;18.990712735132046
4.0;4.62;18.50747997242891
4.0;4.760000000000001;18.050518192616433
4.0;4.9;17.689634232575248
4.0;5.040000000000001;17.47501510673379
4.0;5.180000000000001;17.426765086559357
4.0;5.32;17.530592844759635
4.0;5.460000000000001;17.740490227779027
5.0;0.0;20.498633130810685
5.0;0.14;20.516625573764866
5.0;0.28;20.4557754082851
5.0;0.42000000000000004;20.321403201934118
5.0;0.56;20.13721013589757
5.0;0.7000000000000001;19.942103047923883
5.0;0.8400000000000001;19.783352460579025
5.0;0.9800000000000001;19.70719123470992
5.0;1.12;19.74865642528745
5.0;1.2600000000000002;19.922829823777366
5.0;1.4000000000000001;20.219526210496184
5.0;1.54;20.602894736168484
5.0;1.6800000000000002;21.016432529241587
5.0;1.8200000000000003;21.39275310203905
5.0;1.9600000000000002;21.66635693662964
5.0;2.1;21.78687239285967
5.0;2.24;21.729969471572765
5.0;2.3800000000000003;21.503487936348723
5.0;2.5200000000000005;21.147222080327726
5.0;2.66;20.726093843736397
5.0;2.8000000000000003;20.317854547114642
5.0;2.9400000000000004;19.997675364976892
5.0;3.08;19.822740649942432
5.0;3.22;19.820064005033498
5.0;3.3600000000000003;19.9801613415729
5.0;3.5000000000000004;20.258047340568382
5.0;3.6400000000000006;20.581512508817138
5.0;3.7800000000000002;20.865108217234567
5.0;3.9200000000000004;21.027047299095045
5.0;4.0600000000000005;21.00558488365496
5.0;4.2;20.771521672038954
5.0;4.340000000000001;20.334257564250695
5.0;4.48;19.74015169654955
5.0;4.62;19.063532857515114
5.0;4.760000000000001;18.392214538134752
5.0;4.9;17.810483335515524
5.0;5.040000000000001;17.383017846595028
5.0;5.180000000000001;17.14296374929997
5.0;5.32;17.086499763095954
5.0;5.460000000000001;17.174876672545636
6.0;0.0;20.46008983892424
6.0;0.14;20.410076179597137
6.0;0.28;20.258510122513922
6.0;0.42000000000000004;20.021899046614692
6.0;0.56;19.735677907649134
6.0;0.7000000000000001;19.44922245573823
6.0;0.8400000000000001;19.217690349076495
6.0;0.9800000000000001;19.09195390031808
6.0;1.12;19.108443263797867
6.0;1.2600000000000002;19.280948596168948
6.0;1.4000000000000001;19.596238161405733
6.0;1.54;20.014729199412884
6.0;1.6800000000000002;20.476492982161492
6.0;1.8200000000000003;20.911766839331094
6.0;1.9600000000000002;21.254119593018572
6.0;2.1;21.453710577155448
6.0;2.24;21.487880191011598
6.0;2.3800000000000003;21.366694534291362
6.0;2.5200000000000005;21.13199317945143
6.0;2.66;20.84978694714564
6.0;2.8000000000000003;20.597257071569356
6.0;2.9400000000000004;20.446815232877995
6.0;3.08;20.450421089609684
6.0;3.22;20.62743793647638
6.0;3.3600000000000003;20.958693026190733
6.0;3.5000000000000004;21.3882045807992
6.0;3.6400000000000006;21.832483757532188
6.0;3.7800000000000002;22.19574159781494
6.0;3.9200000000000004;22.388066518981642
6.0;4.0600000000000005;22.34296424663166
6.0;4.2;22.03072280459521
6.0;4.340000000000001;21.464874873315814
6.0;4.48;20.700413691562456
6.0;4.62;19.824087529271907
6.0;4.760000000000001;18.938700747724425
6.0;4.9;18.144550370338486
6.0;5.040000000000001;17.521677105541478
6.0;5.180000000000001;17.11640049939387
6.0;5.32;16.934693007671147
6.0;5.460000000000001;16.94352887701287
7.0;0.0;20.618490581590468
7.0;0.14;20.48874970675945
7.0;0.28;20.25001131525865
7.0;0.42000000000000004;19.929539231260506
7.0;0.56;19.571486153142345
7.0;0.7000000000000001;19.230567697419865
7.0;0.8400000000000001;18.96342506139159
7.0;0.9800000000000001;18.81895510797421
7.0;1.12;18.829259214702084
7.0;1.2600000000000002;19.002959221095633
7.0;1.4000000000000001;19.322378168823672
7.0;1.54;19.745484020856424
7.0;1.6800000000000002;20.21262789677898
7.0;1.8200000000000003;20.65713136175425
7.0;1.9600000000000002;21.017893559654
7.0;2.1;21.251605375517777
7.0;2.24;21.342035282721664
7.0;2.3800000000000003;21.30426200294185
7.0;2.5200000000000005;21.18262995825516
7.0;2.66;21.042437304710493
7.0;2.8000000000000003;20.956687987449353
7.0;2.9400000000000004;20.990365794784157
7.0;3.08;21.185361198730906
7.0;3.22;21.54922701107625
7.0;3.3600000000000003;22.050311775302777
7.0;3.5000000000000004;22.620621525253657
7.0;3.6400000000000006;23.166222452156113
7.0;3.7800000000000002;23.583434624007396
7.0;3.9200000000000004;23.777812842115516
7.0;4.0600000000000005;23.682241698035916
7.0;4.2;23.270545982490518
7.0;4.340000000000001;22.563836555762876
7.0;4.48;21.6282174763753
7.0;4.62;20.564186482578975
7.0;4.760000000000001;19.48971443796534
7.0;4.9;18.520245536698784
7.0;5.040000000000001;17.74945773732265
7.0;5.180000000000001;17.23444053178519
7.0;5.32;16.988028389674735
7.0;5.460000000000001;16.979571060895726
7.0;5.6000000000000005;17.143734458197997
8.0;0.0;20.927082315309203
8.0;0.14;20.726141464083344
8.0;0.28;20.422892196322575
8.0;0.42000000000000004;20.053447279830692
8.0;0.56;19.666529770997297
8.0;0.7000000000000001;19.31641540956878
8.0;0.8400000000000001;19.0547086640929
8.0;0.9800000000000001;18.922104254169014
8.0;1.12;18.941445197836515
8.0;1.2600000000000002;19.1133520873684
8.0;1.4000000000000001;19.41541979469896
8.0;1.54;19.805457480563046
8.0;1.6800000000000002;20.22854566856175
8.0;1.8200000000000003;20.626917950073945
8.0;1.9600000000000002;20.951001216345205
8.0;2.1;21.169529943612318
8.0;2.24;21.276616234876823
8.0;2.3800000000000003;21.294066905735768
8.0;2.5200000000000005;21.268056398203765
8.0;2.66;21.260356519403487
8.0;2.8000000000000003;21.33548035431534
8.0;2.9400000000000004;21.546071485555053
8.0;3.08;21.91943191425196
8.0;3.22;22.4480760154033
8.0;3.3600000000000003;23.086580614285076
8.0;3.5000000000000004;23.75586213226278
8.0;3.6400000000000006;24.354560951812143
8.0;3.7800000000000002;24.775742063789956
8.0;3.9200000000000004;24.9259415905155
8.0;4.0600000000000005;24.74296502850424
8.0;4.2;24.208930735034212
8.0;4.340000000000001;23.35586002740652
8.0;4.48;22.262498060088006
8.0;4.62;21.042735422799637
8.0;4.760000000000001;19.82764649337953
8.0;4.9;18.744426485865183
8.0;5.040000000000001;17.896130085341206
8.0;5.180000000000001;17.345959249010946
8.0;5.32;17.10894720730635
8.0;5.460000000000001;17.152426739120145
8.0;5.6000000000000005;17.404955526922787
9.0;0.0;21.262488369041897
9.0;0.14;21.018829967179435
9.0;0.28;20.68928875049682
9.0;0.42000000000000004;20.31563307966094
9.0;0.56;19.9466108948651
9.0;0.7000000000000001;19.63078606461989
9.0;0.8400000000000001;19.40948679103596
9.0;0.9800000000000001;19.310778707136077
9.0;1.12;19.345309828414155
9.0;1.2600000000000002;19.5047137420869
9.0;1.4000000000000001;19.76298079753085
9.0;1.54;20.080813055558618
9.0;1.6800000000000002;20.412498480187747
9.0;1.8200000000000003;20.714341978526935
9.0;1.9600000000000002;20.953274135601227
9.0;2.1;21.114031848343053
9.0;2.24;21.20335977000456
9.0;2.3800000000000003;21.250061882175036
9.0;2.5200000000000005;21.30041433627213
9.0;2.66;21.409334073847294
9.0;2.8000000000000003;21.628619111227966
9.0;2.9400000000000004;21.994338782547388
9.0;3.08;22.51586810371784
9.0;3.22;23.168997465365422
9.0;3.3600000000000003;23.89496769508403
9.0;3.5000000000000004;24.606253747833296
9.0;3.6400000000000006;25.198626658663848
9.0;3.7800000000000002;25.56771644992576
9.0;3.9200000000000004;25.627255279173482
9.0;4.0600000000000005;25.325639838435976
9.0;4.2;24.657561189271032
9.0;4.340000000000001;23.66822383526552
9.0;4.48;22.44898727341799
9.0;4.62;21.12486543194886
9.0;4.760000000000001;19.835893730845683
9.0;4.9;18.715596643584114
9.0;5.040000000000001;17.870402208056593
9.0;5.180000000000001;17.363717634517492
9.0;5.32;17.207519163541775
9.0;5.460000000000001;17.362888490157935
9.0;5.6000000000000005;17.749232992677
10.0;0.0;21.460938498494944
10.0;0.14;21.216947184115785
10.0;0.28;20.90745838502545
10.0;0.42000000000000004;20.575861071675536
10.0;0.56;20.266729616489023
10.0;0.7000000000000001;20.019098552757043
10.0;0.8400000000000001;19.86107102847438
10.0;0.9800000000000001;19.806372199899506
10.0;1.12;19.853182101087036
10.0;1.2600000000000002;19.98531676050099
10.0;1.4000000000000001;20.175575859783347
10.0;1.54;20.39083459708917
10.0;1.6800000000000002;20.598225799939335
10.0;1.8200000000000003;20.771551485636003
10.0;1.9600000000000002;20.89691763100311
10.0;2.1;20.976553404459228
10.0;2.24;21.029907500386326
10.0;2.3800000000000003;21.09143939136711
10.0;2.5200000000000005;21.20503203895842
10.0;2.66;21.415583825003797
10.0;2.8000000000000003;21.758982117228637
10.0;2.9400000000000004;22.252179752046732
10.0;3.08;22.885349614410178
10.0;3.22;23.61797801699762
10.0;3.3600000000000003;24.380239353145193
10.0;3.5000000000000004;25.0801246863035
10.0;3.6400000000000006;25.61571529395226
10.0;3.7800000000000002;25.890904331795042
10.0;3.9200000000000004;25.832006941574313
10.0;4.0600000000000005;25.402267453867577
10.0;4.2;24.611403433915534
10.0;4.340000000000001;23.5180409407169
10.0;4.48;22.224090053239138
10.0;4.62;20.861571007390015
10.0;4.760000000000001;19.573845904187767
10.0;4.9;18.494343944919418
10.0;5.040000000000001;17.726446474400426
10.0;5.180000000000001;17.328085252859747
10.0;5.32;17.303806281768424
10.0;5.460000000000001;17.60570773329416
10.0;5.6000000000000005;18.143034155461752
11.0;0.0;21.36425454258724
11.0;0.14;21.16809343137942
11.0;0.28;20.925552251430467
11.0;0.42000000000000004;20.677364644295523
11.0;0.56;20.460666526597535
11.0;0.7000000000000001;20.30310793527906
11.0;0.8400000000000001;20.21927713654131
11.0;0.9800000000000001;20.209740182731565
11.0;1.12;20.262550438480304
11.0;1.2600000000000002;20.356742089712874
11.0;1.4000000000000001;20.467114992446216
11.0;1.54;20.56953512067498
11.0;1.6800000000000002;20.645983854444395
11.0;1.8200000000000003;20.688656080404552
11.0;1.9600000000000002;20.70250963519558
11.0;2.1;20.705804534668516
11.0;2.24;20.72835339405633
11.0;2.3800000000000003;20.807452219020195
11.0;2.5200000000000005;20.98177887589282
11.0;2.66;21.283914142934474
11.0;2.8000000000000003;21.73250380281625
11.0;2.9400000000000004;22.325359161938284
11.0;3.08;23.034897279772856
11.0;3.22;23.80717617948259
11.0;3.3600000000000003;24.565351550273586
11.0;3.5000000000000004;25.217698888999394
11.0;3.6400000000000006;25.669505398321096
11.0;3.7800000000000002;25.83729224954396
11.0;3.9200000000000004;25.663160922942108
11.0;4.0600000000000005;25.126736322939962
11.0;4.2;24.25231940541877
11.0;4.340000000000001;23.109490569520602
11.0;4.48;21.806445399155027
11.0;4.62;20.476622624099058
11.0;4.760000000000001;19.26045965117401
11.0;4.9;18.28512429047885
11.0;5.040000000000001;17.645600243149232
11.0;5.180000000000001;17.390414594006344
11.0;5.32;17.51457603541949
11.0;5.460000000000001;17.961061022386353
11.0;5.6000000000000005;18.630669380414567
12.0;0.0;20.865006534200067
12.0;0.14;20.763449464605994
12.0;0.28;20.629919320453308
12.0;0.42000000000000004;20.498620717498795
12.0;0.56;20.397254073260818
12.0;0.7000000000000001;20.342191542057275
12.0;0.8400000000000001;20.336562420205542
12.0;0.9800000000000001;20.371283578407642
12.0;1.12;20.428510123175485
12.0;1.2600000000000002;20.486605374632973
12.0;1.4000000000000001;20.525578376898753
12.0;1.54;20.53199583620018
12.0;1.6800000000000002;20.502586095432672
12.0;1.8200000000000003;20.446039572738027
12.0;1.9600000000000002;20.382802955617933
12.0;2.1;20.342917142421182
12.0;2.24;20.362146111294226
12.0;2.3800000000000003;20.476796160512503
12.0;2.5200000000000005;20.7177548182296
12.0;2.66;21.104403147853887
12.0;2.8000000000000003;21.639171330354245
12.0;2.9400000000000004;22.303586966011093
12.0;3.08;23.05666037783054
12.0;3.22;23.836309271112516
12.0;3.3600000000000003;24.564211943202586
12.0;3.5000000000000004;25.153997213844036
12.0;3.6400000000000006;25.522083469921526
12.0;3.7800000000000002;25.599869896604368
12.0;3.9200000000000004;25.345492618274996
12.0;4.0600000000000005;24.753121749595934
12.0;4.2;23.85789413347653
12.0;4.340000000000001;22.735088237144048
12.0;4.48;21.49300578990307
12.0;4.62;20.26009813877652
12.0;4.760000000000001;19.167968377032125
12.0;4.9;18.33277100740688
12.0;5.040000000000001;17.83801864876158
12.0;5.180000000000001;17.721757925833057
12.0;5.32;17.970465095267983
12.0;5.460000000000001;18.520923401247614
12.0;5.6000000000000005;19.269969881918456
13.0;0.0;19.94311677170457
13.0;0.14;19.976194964878697
13.0;0.28;19.985590356378992
13.0;0.42000000000000004;19.99609175631984
13.0;0.56;20.025318030948906
13.0;0.7000000000000001;20.08001880214687
13.0;0.8400000000000001;20.15544314643978
13.0;0.9800000000000001;20.237614212862468
13.0;1.12;20.30774645883456
13.0;1.2600000000000002;20.347673592639463
13.0;1.4000000000000001;20.345067728311868
13.0;1.54;20.297401891115186
13.0;1.6800000000000002;20.213961648387357
13.0;1.8200000000000003;20.11564163247732
13.0;1.9600000000000002;20.03266574863132
13.0;2.1;20.000670850431092
13.0;2.24;20.055760268977785
13.0;2.3800000000000003;20.229176308822822
13.0;2.5200000000000005;20.542200286660574
13.0;2.66;21.001815071939827
13.0;2.8000000000000003;21.597596980913547
13.0;2.9400000000000004;22.300253468502504
13.0;3.08;23.062172476817466
13.0;3.22;23.82025918583073
13.0;3.3600000000000003;24.501163508245064
13.0;3.5000000000000004;25.028722378812507
13.0;3.6400000000000006;25.33306605935309
13.0;3.7800000000000002;25.360422111024477
13.0;3.9200000000000004;25.082286136480505
13.0;4.0600000000000005;24.502423502599548
13.0;4.2;23.66021736763342
13.0;4.340000000000001;22.629238918421656
13.0;4.48;21.510573066107227
13.0;4.62;20.421299550231886
13.0;4.760000000000001;19.479453609061448
13.0;4.9;18.787584041243313
13.0;5.040000000000001;18.41750601447987
13.0;5.180000000000001;18.398875984580776
13.0;5.32;18.713745542207025
13.0;5.460000000000001;19.29833228082581
13.0;5.6000000000000005;20.052030854439828
14.0;0.0;18.68681739992737
14.0;0.14;18.883232186782934
14.0;0.28;19.058249074818765
14.0;0.42000000000000004;19.225789162320105
14.0;0.56;19.393996325454452
14.0;0.7000000000000001;19.562579537801497
14.0;0.8400000000000001;19.7229791989709
14.0;0.9800000000000001;19.861077659929265
14.0;1.12;19.96159941739244
14.0;1.2600000000000002;20.013024668891727
14.0;1.4000000000000001;20.011818709461576
14.0;1.54;19.965030196575682
14.0;1.6800000000000002;19.890743235029547
14.0;1.8200000000000003;19.816358694785475
14.0;1.9600000000000002;19.775108519437424
14.0;2.1;19.80148520803206
14.0;2.24;19.92636099049967
14.0;2.3800000000000003;20.172495671942144
14.0;2.5200000000000005;20.550948451551392
14.0;2.66;21.058694965406243
14.0;2.8000000000000003;21.677575356036346
14.0;2.9400000000000004;22.374600897583555
14.0;3.08;23.103623453916345
14.0;3.22;23.808384919987066
14.0;3.3600000000000003;24.42695384043973
14.0;3.5000000000000004;24.89746865701184
14.0;3.6400000000000006;25.164914296083268
14.0;3.7800000000000002;25.188377320211636
14.0;3.9200000000000004;24.94791649860951
14.0;4.0600000000000005;24.449944814328635
14.0;4.2;23.729947112030416
14.0;4.340000000000001;22.851532164133953
14.0;4.48;21.90126395764678
14.0;4.62;20.97939059155382
14.0;4.760000000000001;20.187378200163522
14.0;4.9;19.61390092392502
14.0;5.040000000000001;19.32146125459263
14.0;5.180000000000001;19.335971191332508
14.0;5.32;19.64133363340414
14.0;5.460000000000001;20.180338138497603
14.0;5.6000000000000005;20.862136422915096
15.0;0.0;17.289781172280897
15.0;0.14;17.66178644161087
15.0;0.28;18.00954028089586
15.0;0.42000000000000004;18.336328916470546
15.0;0.56;18.642485950593464
15.0;0.7000000000000001;18.923575112011047
15.0;0.8400000000000001;19.170868712873446
15.0;0.9800000000000001;19.37379906844162
15.0;1.12;19.523561478783787
15.0;1.2600000000000002;19.616798717345883
15.0;1.4000000000000001;19.65833881423554
15.0;1.54;19.662254118722583
15.0;1.6800000000000002;19.650962452613115
15.0;1.8200000000000003;19.652571390299546
15.0;1.9600000000000002;19.69704994022281
15.0;2.1;19.812011285296254
15.0;2.24;20.01887679117425
15.0;2.3800000000000003;20.329997327342642
15.0;2.5200000000000005;20.747012237616627
15.0;2.66;21.260428691590846
15.0;2.8000000000000003;21.850193678490424
15.0;2.9400000000000004;22.486959448534574
15.0;3.08;23.13381109816823
15.0;3.22;23.74838278279966
15.0;3.3600000000000003;24.28545473400079
15.0;3.5000000000000004;24.70020992881206
15.0;3.6400000000000006;24.952274826190806
15.0;3.7800000000000002;25.010458875553645
15.0;3.9200000000000004;24.857785420271668
15.0;4.0600000000000005;24.49606408886089
15.0;4.2;23.949008923495654
15.0;4.340000000000001;23.26286617430321
15.0;4.48;22.503747268050336
15.0;4.62;21.7513647435519
15.0;4.760000000000001;21.089564739493877
15.0;4.9;20.59479751611416
15.0;5.040000000000001;20.324292079159378
15.0;5.180000000000001;20.30603468865099
15.0;5.32;20.532577451959916
15.0;5.460000000000001;20.960190691838367
15.0;5.6000000000000005;21.51398940999011
16.0;0.0;16.017418793011885
16.0;0.14;16.555399702642017
16.0;0.28;17.0622565550559
16.0;0.42000000000000004;17.53255955137288
16.0;0.56;17.96131794846812
16.0;0.7000000000000001;18.342704997762947
16.0;0.8400000000000001;18.670434283476254
16.0;0.9800000000000001;18.939485202360114
16.0;1.12;19.148473455821893
16.0;1.2600000000000002;19.3017917246251
16.0;1.4000000000000001;19.410737187588794
16.0;1.54;19.4931542520585
16.0;1.6800000000000002;19.57155284591219
16.0;1.8200000000000003;19.670087031829198
16.0;1.9600000000000002;19.811076293090625
16.0;2.1;20.011844805537756
16.0;2.24;20.282526325029835
16.0;2.3800000000000003;20.625182212395806
16.0;2.5200000000000005;21.034204371564165
16.0;2.66;21.497639600172704
16.0;2.8000000000000003;21.998878073796284
16.0;2.9400000000000004;22.518152511076327
16.0;3.08;23.033490368667202
16.0;3.22;23.521082904633552
16.0;3.3600000000000003;23.95537404778371
16.0;3.5000000000000004;24.309410432639933
16.0;3.6400000000000006;24.5560388021394
16.0;3.7800000000000002;24.67035029980584
16.0;3.9200000000000004;24.633384955249998
16.0;4.0600000000000005;24.436621384506022
16.0;4.2;24.086325893079533
16.0;4.340000000000001;23.606566512474004
16.0;4.48;23.03972024770378
16.0;4.62;22.443656002129657
16.0;4.760000000000001;21.88541493969259
16.0;4.9;21.432006523826523
16.0;5.040000000000001;21.13970931438368
16.0;5.180000000000001;21.04381582783649
16.0;5.32;21.150931823980358
16.0;5.460000000000001;21.435652476168354
16.0;5.6000000000000005;21.84271502469998
16.0;5.74;22.294698317062252
17.0;0.0;15.142648785412495
17.0;0.14;15.811691573792253
17.0;0.28;16.440048532168976
17.0;0.42000000000000004;17.016900257082348
17.0;0.56;17.534964790706844
17.0;0.7000000000000001;17.989385919082753
17.0;0.8400000000000001;18.377687664364696
17.0;0.9800000000000001;18.700567969514697
17.0;1.12;18.96298677703213
17.0;1.2600000000000002;19.174889263999084
17.0;1.4000000000000001;19.351018700390483
17.0;1.54;19.509572127814874
17.0;1.6800000000000002;19.66983892601992
17.0;1.8200000000000003;19.84931567356283
17.0;1.9600000000000002;20.06099968980894
17.0;2.1;20.311560596612363
17.0;2.24;20.600869615459846
17.0;2.3800000000000003;20.92299070544172
17.0;2.5200000000000005;21.268315113243155
17.0;2.66;21.62617815313262
17.0;2.8000000000000003;21.987141833907984
17.0;2.9400000000000004;22.344215994110446
17.0;3.08;22.692610927466678
17.0;3.22;23.028084009918217
17.0;3.3600000000000003;23.344430576443056
17.0;3.5000000000000004;23.63103015442669
17.0;3.6400000000000006;23.871474421917807
17.0;3.7800000000000002;24.044115722630465
17.0;3.9200000000000004;24.124908960711227
17.0;4.0600000000000005;24.09227982689522
17.0;4.2;23.933100334934284
17.0;4.340000000000001;23.64836763509926
17.0;4.48;23.2570136152071
17.0;4.62;22.796499344720498
17.0;4.760000000000001;22.319451803539916
17.0;4.9;21.886463924111755
17.0;5.040000000000001;21.55611091194469
17.0;5.180000000000001;21.37401262360987
17.0;5.32;21.36319213928487
17.0;5.460000000000001;21.517916233505982
17.0;5.6000000000000005;21.802634082534055
17.0;5.74;22.15665458479171
18.0;0.0;14.864587506477168
18.0;0.14;15.60622273165211
18.0;0.28;16.296715526719773
18.0;0.42000000000000004;16.924045385220076
18.0;0.56;17.481886911152813
18.0;0.7000000000000001;17.968221042347277
18.0;0.8400000000000001;18.38462580206889
18.0;0.9800000000000001;18.73614927126789
18.0;1.12;19.031390843869424
18.0;1.2600000000000002;19.282310845148963
18.0;1.4000000000000001;19.50338092112536
18.0;1.54;19.70994273702584
18.0;1.6800000000000002;19.915973214263598
18.0;1.8200000000000003;20.131748277620673
18.0;1.9600000000000002;20.36205009090697
18.0;2.1;20.605511848473746
18.0;2.24;20.855437404841997
18.0;2.3800000000000003;21.10203286795258
18.0;2.5200000000000005;21.335555194788345
18.0;2.66;21.549548767163643
18.0;2.8000000000000003;21.743216147996506
18.0;2.9400000000000004;21.92211253807599
18.0;3.08;22.096750596002618
18.0;3.22;22.279264710908738
18.0;3.3600000000000003;22.47886827754378
18.0;3.5000000000000004;22.697281981366984
18.0;3.6400000000000006;22.925478062316984
18.0;3.7800000000000002;23.14290138959445
18.0;3.9200000000000004;23.319807830980043
18.0;4.0600000000000005;23.422609695719423
18.0;4.2;23.42131236558371
18.0;4.340000000000001;23.297469575077212
18.0;4.48;23.050758885301796
18.0;4.62;22.702395166990783
18.0;4.760000000000001;22.29416674948489
18.0;4.9;21.8827931290364
18.0;5.040000000000001;21.53036908313099
18.0;5.180000000000001;21.292632536628258
18.0;5.32;21.207435153482145
18.0;5.460000000000001;21.2859336014515
18.0;5.6000000000000005;21.50859392905682
18.0;5.74;21.827179121913986
19.0;0.0;15.236645128046934
19.0;0.14;15.977613526567588
19.0;0.28;16.65852084970946
19.0;0.42000000000000004;17.270464536203697
19.0;0.56;17.811140581843496
19.0;0.7000000000000001;18.2827063125289
19.0;0.8400000000000001;18.690208279702304
19.0;0.9800000000000001;19.040669965997846
19.0;1.12;19.34263591946339
19.0;1.2600000000000002;19.605804165418814
19.0;1.4000000000000001;19.84039157310992
19.0;1.54;20.056052022619323
19.0;1.6800000000000002;20.260435930259867
19.0;1.8200000000000003;20.457741514149077
19.0;1.9600000000000002;20.64776250204439
19.0;2.1;20.825914947919944
19.0;2.24;20.98451344873896
19.0;2.3800000000000003;21.11521254214196
19.0;2.5200000000000005;21.212131719971826
19.0;2.66;21.27486575688921
19.0;2.8000000000000003;21.310457829963998
19.0;2.9400000000000004;21.333546985203963
19.0;3.08;21.364290058255076
19.0;3.22;21.424222542532604
19.0;3.3600000000000003;21.530825347128975
19.0;3.5000000000000004;21.69204139854622
19.0;3.6400000000000006;21.902191406152685
19.0;3.7800000000000002;22.140584402951806
19.0;3.9200000000000004;22.37360589370389
19.0;4.0600000000000005;22.560289387419243
19.0;4.2;22.660508184281092
19.0;4.340000000000001;22.644174941540648
19.0;4.48;22.499405863385483
19.0;4.62;22.237629702629953
19.0;4.760000000000001;21.894132302249204
19.0;4.9;21.5234411331773
19.0;5.040000000000001;21.190083377966154
19.0;5.180000000000001;20.956343676709647
19.0;5.32;20.869445184503626
19.0;5.460000000000001;20.95087672172929
19.0;5.6000000000000005;21.190292431034084
19.0;5.74;21.54555534060337
20.0;0.0;16.134690329535328
20.0;0.14;16.801444172178044
20.0;0.28;17.403609617506834
20.0;0.42000000000000004;17.939085967809007
20.0;0.56;18.412051310588836
20.0;0.7000000000000001;18.829622557514003
20.0;0.8400000000000001;19.199236383477473
20.0;0.9800000000000001;19.52711031531071
20.0;1.12;19.817756580704785
20.0;1.2600000000000002;20.074223168632013
20.0;1.4000000000000001;20.298603587524948
20.0;1.54;20.492409092079114
20.0;1.6800000000000002;20.656595356490175
20.0;1.8200000000000003;20.791295695073938
20.0;1.9600000000000002;20.895533869121074
20.0;2.1;20.96728539228221
20.0;2.24;21.004183985940458
20.0;2.3800000000000003;21.00494390021389
20.0;2.5200000000000005;20.971258528082238
20.0;2.66;20.909645646083362
20.0;2.8000000000000003;20.832548175352425
20.0;2.9400000000000004;20.75804476717555
20.0;3.08;20.707797574897576
20.0;3.22;20.70331686473603
20.0;3.3600000000000003;20.76114379817858
20.0;3.5000000000000004;20.887998831089917
20.0;3.6400000000000006;21.07717219067495
20.0;3.7800000000000002;21.307347444568457
20.0;3.9200000000000004;21.544627814253822
20.0;4.0600000000000005;21.74784551047272
20.0;4.2;21.87642448548761
20.0;4.340000000000001;21.899331837736316
20.0;4.48;21.803188652337656
20.0;4.62;21.597563357808415
20.0;4.760000000000001;21.31589437381995
20.0;4.9;21.01132620267926
20.0;5.040000000000001;20.747830152272215
20.0;5.180000000000001;20.58808026880323
20.0;5.32;20.580409384977838
20.0;5.460000000000001;20.747562977278143
20.0;5.6000000000000005;21.079778503644263
20.0;5.74;21.5339528679253
21.0;0.0;17.28535559662999
21.0;0.14;17.819786577732636
21.0;0.28;18.292119700271044
21.0;0.42000000000000004;18.70949392357336
21.0;0.56;19.084070821447167
21.0;0.7000000000000001;19.428118129327153
21.0;0.8400000000000001;19.750173571639642
21.0;0.9800000000000001;20.052988799961213
21.0;1.12;20.33342241445585
21.0;1.2600000000000002;20.583952573811164
21.0;1.4000000000000001;20.79513709667076
21.0;1.54;20.958232454507765
21.0;1.6800000000000002;21.067294873226675
21.0;1.8200000000000003;21.120365691377863
21.0;1.9600000000000002;21.119686386705283
21.0;2.1;21.071184322986973
21.0;2.24;20.98363064434362
21.0;2.3800000000000003;20.86785859335499
21.0;2.5200000000000005;20.73626463133995
21.0;2.66;20.602567638785057
21.0;2.8000000000000003;20.481571869025963
21.0;2.9400000000000004;20.388561097698584
21.0;3.08;20.338002695844118
21.0;3.22;20.341462911106138
21.0;3.3600000000000003;20.404969871853325
21.0;3.5000000000000004;20.52640425611295
21.0;3.6400000000000006;20.693728244581866
21.0;3.7800000000000002;20.88488032455257
21.0;3.9200000000000004;21.06991893181775
21.0;4.0600000000000005;21.215517397520944
21.0;4.2;21.29129575393335
21.0;4.340000000000001;21.276874629300405
21.0;4.48;21.168121798751653
21.0;4.62;20.980973079898913
21.0;4.760000000000001;20.751516341670644
21.0;4.9;20.5317049866116
21.0;5.040000000000001;20.38099181889048
21.0;5.180000000000001;20.355146941037155
21.0;5.32;20.494314130974672
21.0;5.460000000000001;20.812762579567618
21.0;5.6000000000000005;21.292674806037457
21.0;5.74;21.88366031856176
22.0;0.0;18.351073354692684
22.0;0.14;18.721653090119215
22.0;0.28;19.041228503451425
22.0;0.42000000000000004;19.32707511820624
22.0;0.56;19.59969287684664
22.0;0.7000000000000001;19.876088237502962
22.0;0.8400000000000001;20.164596114796222
22.0;0.9800000000000001;20.46234582485914
22.0;1.12;20.755768739067385
22.0;1.2600000000000002;21.023801898688305
22.0;1.4000000000000001;21.24284106577569
22.0;1.54;21.39217044698943
22.0;1.6800000000000002;21.458599307760984
22.0;1.8200000000000003;21.439337196163784
22.0;1.9600000000000002;21.342637418583628
22.0;2.1;21.186290642223856
22.0;2.24;20.994514650317264
22.0;2.3800000000000003;20.794056864762997
22.0;2.5200000000000005;20.610359631271173
22.0;2.66;20.464459207744177
22.0;2.8000000000000003;20.37097847493399
22.0;2.9400000000000004;20.337239506058697
22.0;3.08;20.363268571110293
22.0;3.22;20.44235997703106
22.0;3.3600000000000003;20.561918672427606
22.0;3.5000000000000004;20.70447097366054
22.0;3.6400000000000006;20.848934111256263
22.0;3.7800000000000002;20.972372768195232
22.0;3.9200000000000004;21.052469199135533
22.0;4.0600000000000005;21.070765005824626
22.0;4.2;21.01642946342568
22.0;4.340000000000001;20.88995844042745
22.0;4.48;20.705928293483492
22.0;4.62;20.493836910314975
22.0;4.760000000000001;20.29623633415103
22.0;4.9;20.163807561237316
22.0;5.040000000000001;20.14767865162423
22.0;5.180000000000001;20.29000383968655
22.0;5.32;20.61442680057468
22.0;5.460000000000001;21.118373416882182
22.0;5.6000000000000005;21.769037065546804
22.0;5.74;22.504398943438407
23.0;0.0;19.042305459844947
23.0;0.14;19.246465734527856
23.0;0.28;19.419276189728645
23.0;0.42000000000000004;19.587593281557368
23.0;0.56;19.77950650689753
23.0;0.7000000000000001;20.01579953655099
23.0;0.8400000000000001;20.303405074543623
23.0;0.9800000000000001;20.632392924654816
23.0;1.12;20.977148072846514
23.0;1.2600000000000002;21.301395249153455
23.0;1.4000000000000001;21.56584625132471
23.0;1.54;21.736684809851337
23.0;1.6800000000000002;21.79297508402888
23.0;1.8200000000000003;21.731391034550622
23.0;1.9600000000000002;21.567318972633984
23.0;2.1;21.33221429292889
23.0;2.24;21.067896220529427
23.0;2.3800000000000003;20.819061947095562
23.0;2.5200000000000005;20.625575971176165
23.0;2.66;20.516009136449217
23.0;2.8000000000000003;20.50351824358657
23.0;2.9400000000000004;20.584590261102882
23.0;3.08;20.740574349227458
23.0;3.22;20.941429437613117
23.0;3.3600000000000003;21.150820101578063
23.0;3.5000000000000004;21.331630355616817
23.0;3.6400000000000006;21.45110064172035
23.0;3.7800000000000002;21.48504722568132
23.0;3.9200000000000004;21.420896455270803
23.0;4.0600000000000005;21.25947338121785
23.0;4.2;21.01557858072268
23.0;4.340000000000001;20.717372958116933
23.0;4.48;20.404518001754752
23.0;4.62;20.12496460704712
23.0;4.760000000000001;19.93032068248039
23.0;4.9;19.869898808422228
23.0;5.040000000000001;19.983842145818222
23.0;5.180000000000001;20.29608694272099
23.0;5.32;20.80823956801033
23.0;5.460000000000001;21.49560798515713
23.0;5.6000000000000005;22.306536721267445
23.0;5.74;23.16580958660672
24.0;0.0;19.21241036401496
24.0;0.14;19.269918086419064
24.0;0.28;19.32255039630763
24.0;0.42000000000000004;19.405144381788904
24.0;0.56;19.551783653539534
24.0;0.7000000000000001;19.78565241316625
24.0;0.8400000000000001;20.11125309806267
24.0;0.9800000000000001;20.510942128394866
24.0;1.12;20.946708443916755
24.0;1.2600000000000002;21.36688700879616
24.0;1.4000000000000001;21.71635379657026
24.0;1.54;21.947951756215765
24.0;1.6800000000000002;22.03262309611402
24.0;1.8200000000000003;21.966021002577495
24.0;1.9600000000000002;21.770160674200785
24.0;2.1;21.489754367650207
24.0;2.24;21.184007338227786
24.0;2.3800000000000003;20.915580705218293
24.0;2.5200000000000005;20.738960315688338
24.0;2.66;20.69051275156159
24.0;2.8000000000000003;20.78207982016561
24.0;2.9400000000000004;20.9991826074107
24.0;3.08;21.303964522178465
24.0;3.22;21.642108445921952
24.0;3.3600000000000003;21.95229558983511
24.0;3.5000000000000004;22.17644515969561
24.0;3.6400000000000006;22.26901067796585
24.0;3.7800000000000002;22.20395470277736
24.0;3.9200000000000004;21.97856337642956
24.0;4.0600000000000005;21.613856263575997
24.0;4.2;21.15186870419927
24.0;4.340000000000001;20.650448794522923
24.0;4.48;20.176390749921147
24.0;4.62;19.79774565449651
24.0;4.760000000000001;19.57606975805053
24.0;4.9;19.559259206671282
24.0;5.040000000000001;19.775531533535258
24.0;5.180000000000001;20.22906727973591
24.0;5.32;20.897799998202455
24.0;5.460000000000001;21.733791156509167
24.0;5.6000000000000005;22.666491825434065
24.0;5.74;23.608936475164775
24.0;5.880000000000001;24.46653491277246
25.0;0.0;18.896085778971695
25.0;0.14;18.83732947808676
25.0;0.28;18.80400260673882
25.0;0.42000000000000004;18.83683022346188
25.0;0.56;18.973825800540013
25.0;0.7000000000000001;19.23897313870194
25.0;0.8400000000000001;19.633523314377676
25.0;0.9800000000000001;20.13219522736006
25.0;1.12;20.6854422280265
25.0;1.2600000000000002;21.227540234244287
25.0;1.4000000000000001;21.68889183957087
25.0;1.54;22.009939272683912
25.0;1.6800000000000002;22.153663795964217
25.0;1.8200000000000003;22.113910687172023
25.0;1.9600000000000002;21.917653129345243
25.0;2.1;21.62059425187532
25.0;2.24;21.2969154630383
25.0;2.3800000000000003;21.025201910497618
25.0;2.5200000000000005;20.873352694054994
25.0;2.66;20.885460258744345
25.0;2.8000000000000003;21.073201816334144
25.0;2.9400000000000004;21.413341098908923
25.0;3.08;21.851708630517326
25.0;3.22;22.31277935004738
25.0;3.3600000000000003;22.712952225643043
25.0;3.5000000000000004;22.975045587331287
25.0;3.6400000000000006;23.041440378681383
25.0;3.7800000000000002;22.88370526695704
25.0;3.9200000000000004;22.507299925583116
25.0;4.0600000000000005;21.950892606650875
25.0;4.2;21.280747574408394
25.0;4.340000000000001;20.581369066576013
25.0;4.48;19.944025315680232
25.0;4.62;19.454888960215264
25.0;4.760000000000001;19.184359268796445
25.0;4.9;19.178765802037425
25.0;5.040000000000001;19.45519956473977
25.0;5.180000000000001;19.99977219713592
25.0;5.32;20.769229743469108
25.0;5.460000000000001;21.69556807773332
25.0;5.6000000000000005;22.693100638779168
25.0;5.74;23.667285638175866
25.0;5.880000000000001;24.524500623156932
26.0;0.0;18.27721123879948
26.0;0.14;18.132424130273147
26.0;0.28;18.043682543973773
26.0;0.42000000000000004;18.055495146456536
26.0;0.56;18.207639777638242
26.0;0.7000000000000001;18.52327449893645
26.0;0.8400000000000001;18.999805226978946
26.0;0.9800000000000001;19.604995360082984
26.0;1.12;20.279641379663786
26.0;1.2600000000000002;20.946636870522156
26.0;1.4000000000000001;21.524751431995554
26.0;1.54;21.94430591414586
26.0;1.6800000000000002;22.161396739331888
26.0;1.8200000000000003;22.167534773804842
26.0;1.9600000000000002;21.992475338754616
26.0;2.1;21.69942581727449
26.0;2.24;21.37341634031687
26.0;2.3800000000000003;21.105058686350777
26.0;2.5200000000000005;20.972889647688934
26.0;2.66;21.027795574547845
26.0;2.8000000000000003;21.28259140400077
26.0;2.9400000000000004;21.708783366322034
26.0;3.08;22.24111170666623
26.0;3.22;22.78895399790783
26.0;3.3600000000000003;23.252381772822137
26.0;3.5000000000000004;23.539852394451906
26.0;3.6400000000000006;23.584322059909915
26.0;3.7800000000000002;23.354988464316065
26.0;3.9200000000000004;22.86279098528468
26.0;4.0600000000000005;22.158999307300498
26.0;4.2;21.327456033443283
26.0;4.340000000000001;20.47206966038287
26.0;4.48;19.70180992743261
26.0;4.62;19.115659159302123
26.0;4.760000000000001;18.789739876239224
26.0;4.9;18.768270951082393
26.0;5.040000000000001;19.05925113268831
26.0;5.180000000000001;19.634989250412634
26.0;5.32;20.43692951241976
26.0;5.460000000000001;21.38374436522628
26.0;5.6000000000000005;22.3814164609118
26.0;5.74;23.333986251287136
26.0;5.880000000000001;24.153752075546144
27.0;0.0;17.60417907710168
27.0;0.14;17.398496094756474
27.0;0.28;17.276382209712843
27.0;0.42000000000000004;17.284257266706742
27.0;0.56;17.46164519356298
27.0;0.7000000000000001;17.829394316624455
27.0;0.8400000000000001;18.380720559953208
27.0;0.9800000000000001;19.077581784754237
27.0;1.12;19.853753359902658
27.0;1.2600000000000002;20.624467279282467
27.0;1.4000000000000001;21.300943371081665
27.0;1.54;21.806936133050677
27.0;1.6800000000000002;22.09382832807951
27.0;1.8200000000000003;22.150969888510513
27.0;1.9600000000000002;22.00886422469274
27.0;2.1;21.73425419302378
27.0;2.24;21.417844268313004
27.0;2.3800000000000003;21.156948949599087
27.0;2.5200000000000005;21.036444407214493
27.0;2.66;21.11178847674799
27.0;2.8000000000000003;21.397484083931314
27.0;2.9400000000000004;21.86328171033497
27.0;3.08;22.438881391611897
27.0;3.22;23.026228767329922
27.0;3.3600000000000003;23.517046180264018
27.0;3.5000000000000004;23.8122866108068
27.0;3.6400000000000006;23.839918780906075
27.0;3.7800000000000002;23.567873597931843
27.0;3.9200000000000004;23.00998841064417
27.0;4.0600000000000005;22.224147730868044
27.0;4.2;21.303251395215476
27.0;4.340000000000001;20.36086392115966
27.0;4.48;19.51419573495878
27.0;4.62;18.867324271171814
27.0;4.760000000000001;18.497283416293595
27.0;4.9;18.44494040459464
27.0;5.040000000000001;18.711618117256016
27.0;5.180000000000001;19.26141215041784
27.0;5.32;20.028281726989984
27.0;5.460000000000001;20.92639354261349
27.0;5.6000000000000005;21.861927783623187
27.0;5.74;22.744603585335074
27.0;5.880000000000001;23.497478761271235
28.0;0.0;17.09371588033951
28.0;0.14;16.849239692757394
28.0;0.28;16.70983591530202
28.0;0.42000000000000004;16.722156943925878
28.0;0.56;16.92369139771916
28.0;0.7000000000000001;17.331750708460696
28.0;0.8400000000000001;17.93530552883929
28.0;0.9800000000000001;18.69202284893145
28.0;1.12;19.531786729061917
28.0;1.2600000000000002;20.3665532189715
28.0;1.4000000000000001;21.104916360162548
28.0;1.54;21.668588604410726
28.0;1.6800000000000002;22.007406088792678
28.0;1.8200000000000003;22.109610636708872
28.0;1.9600000000000002;22.0050256216181
28.0;2.1;21.760157700353655
28.0;2.24;21.465920893187995
28.0;2.3800000000000003;21.22023459768595
28.0;2.5200000000000005;21.108855152531525
28.0;2.66;21.18822018973122
28.0;2.8000000000000003;21.473724314522666
28.0;2.9400000000000004;21.93578022419745
28.0;3.08;22.50447766637015
28.0;3.22;23.081958425981536
28.0;3.3600000000000003;23.560129824537956
28.0;3.5000000000000004;23.840343195520685
28.0;3.6400000000000006;23.851355912490625
28.0;3.7800000000000002;23.56231528843295
28.0;3.9200000000000004;22.9885381020788
28.0;4.0600000000000005;22.189277661715934
28.0;4.2;21.258172190657948
28.0;4.340000000000001;20.30835515175616
28.0;4.48;19.45504367035102
28.0;4.62;18.798676534096828
28.0;4.760000000000001;18.41134537830878
28.0;4.9;18.328464868746927
28.0;5.040000000000001;18.54655569350246
28.0;5.180000000000001;19.026897836395477
28.0;5.32;19.703864067570102
28.0;5.460000000000001;20.49611940636577
28.0;5.6000000000000005;21.318642986036608
28.0;5.74;22.09367919779718
28.0;5.880000000000001;22.759169252313598
29.0;0.0;16.86574452736679
29.0;0.14;16.607596898065488
29.0;0.28;16.467664806649214
29.0;0.42000000000000004;16.491118912011096
29.0;0.56;16.7118383980433
29.0;0.7000000000000001;17.142703920240468
29.0;0.8400000000000001;17.76874195895505
29.0;0.9800000000000001;18.545161880105056
29.0;1.12;19.401360281881615
29.0;1.2600000000000002;20.25067385192799
29.0;1.4000000000000001;21.00433072269092
29.0;1.54;21.586990671066555
29.0;1.6800000000000002;21.950734293018535
29.0;1.8200000000000003;22.08450483468365
29.0;1.9600000000000002;22.016818045448495
29.0;2.1;21.810877480291865
29.0;2.24;21.552788350772634
29.0;2.3800000000000003;21.335017506870834
29.0;2.5200000000000005;21.238282469302593
29.0;2.66;21.315439019555164
29.0;2.8000000000000003;21.580585111290723
29.0;2.9400000000000004;22.00557926093529
29.0;3.08;22.52469860823554
29.0;3.22;23.046545942146338
29.0;3.3600000000000003;23.470893649894105
29.0;3.5000000000000004;23.70721655089939
29.0;3.6400000000000006;23.691397084735698
29.0;3.7800000000000002;23.397522427950996
29.0;3.9200000000000004;22.8427223350321
29.0;4.0600000000000005;22.084387935977343
29.0;4.2;21.210569207627113
29.0;4.340000000000001;20.325576963341952
29.0;4.48;19.53358201053425
29.0;4.62;18.923186598392732
29.0;4.760000000000001;18.55554650979303
29.0;4.9;18.457769392882714
29.0;5.040000000000001;18.62221264119943
29.0;5.180000000000001;19.011191567927035
29.0;5.32;19.565704369296423
29.0;5.460000000000001;20.216238126632376
29.0;5.6000000000000005;20.893602817788953
29.0;5.74;21.538016962817267
29.0;5.880000000000001;22.10523193324296
30.0;0.0;16.931805004078228
30.0;0.14;16.692845888408595
30.0;0.28;16.575218090976676
30.0;0.42000000000000004;16.620617745182596
30.0;0.56;16.85788691883852
30.0;0.7000000000000001;17.294971027368902
30.0;0.8400000000000001;17.913683851257474
30.0;0.9800000000000001;18.668916441378595
30.0;1.12;19.49307734042448
30.0;1.2600000000000002;20.305436573031006
30.0;1.4000000000000001;21.024911722342296
30.0;1.54;21.583946787437668
30.0;1.6800000000000002;21.940714944483204
30.0;1.8200000000000003;22.08704769668587
30.0;1.9600000000000002;22.050246608152896
30.0;2.1;21.88812718239609
30.0;2.24;21.678029554836822
30.0;2.3800000000000003;21.50180860485506
30.0;2.5200000000000005;21.42970414233196
30.0;2.66;21.506288064827377
30.0;2.8000000000000003;21.741315527760953
30.0;2.9400000000000004;22.107342605023415
30.0;3.08;22.544615602789847
30.0;3.22;22.97227488691298
30.0;3.3600000000000003;23.30365827667327
30.0;3.5000000000000004;23.46269839594009
30.0;3.6400000000000006;23.398243398198087
30.0;3.7800000000000002;23.093612561433364
30.0;3.9200000000000004;22.569709852709593
30.0;4.0600000000000005;21.88133261815788
30.0;4.2;21.107645428538216
30.0;4.340000000000001;20.338864491865024
30.0;4.48;19.661806852382277
30.0;4.62;19.147001443815526
30.0;4.760000000000001;18.839562334382943
30.0;4.9;18.755127538647724
30.0;5.040000000000001;18.88108455265281
30.0;5.180000000000001;19.182274851543244
30.0;5.32;19.609602120268207
30.0;5.460000000000001;20.10959729151709
30.0;5.6000000000000005;20.633054523856597
30.0;5.74;21.141286144648284
30.0;5.880000000000001;21.60921698469709
31.0;0.0;17.22982959086625
31.0;0.14;17.04961076461979
31.0;0.28;16.98308943656831
31.0;0.42000000000000004;17.066138971182685
31.0;0.56;17.321275264910387
31.0;0.7000000000000001;17.75143132736695
31.0;0.8400000000000001;18.336399944949484
31.0;0.9800000000000001;19.03315251795582
31.0;1.12;19.780518811250484
31.0;1.2600000000000002;20.507791231173982
31.0;1.4000000000000001;21.145901839471094
31.0;1.54;21.63912852144642
31.0;1.6800000000000002;21.9549983186266
31.0;1.8200000000000003;22.090266683489887
31.0;1.9600000000000002;22.071545408344132
31.0;2.1;21.950199781838666
31.0;2.24;21.792319553009335
31.0;2.3800000000000003;21.665630245157892
31.0;2.5200000000000005;21.625910989817857
31.0;2.66;21.705656329147708
31.0;2.8000000000000003;21.90731085361133
31.0;2.9400000000000004;22.202494451020428
31.0;3.08;22.537413156279857
31.0;3.22;22.843378454657483
31.0;3.3600000000000003;23.050311408166543
31.0;3.5000000000000004;23.100512678600833
31.0;3.6400000000000006;22.9599606282334
31.0;3.7800000000000002;22.624954390530377
31.0;3.9200000000000004;22.122918124652674
31.0;4.0600000000000005;21.507402112916512
31.0;4.2;20.848488076929804
31.0;4.340000000000001;20.22067997532928
31.0;4.48;19.690760992028064
31.0;4.62;19.307956800593647
31.0;4.760000000000001;19.098120817283537
31.0;4.9;19.062709904498856
31.0;5.040000000000001;19.1822734621985
31.0;5.180000000000001;19.423269481953717
31.0;5.32;19.746438345601224
31.0;5.460000000000001;20.11481416450115
31.0;5.6000000000000005;20.499735068294296
31.0;5.74;20.883830574802463
31.0;5.880000000000001;21.260749133140855
32.0;0.0;17.67572391501222
32.0;0.14;17.592753138086447
32.0;0.28;17.605789501131678
32.0;0.42000000000000004;17.74236597282128
32.0;0.56;18.017602687896865
32.0;0.7000000000000001;18.429765904266148
32.0;0.8400000000000001;18.958198018479244
32.0;0.9800000000000001;19.564445443241656
32.0;1.12;20.19681888933318
32.0;1.2600000000000002;20.797890264633228
32.0;1.4000000000000001;21.313724550945263
32.0;1.54;21.703136788373453
32.0;1.6800000000000002;21.945094560723042
32.0;1.8200000000000003;22.04262590015037
32.0;1.9600000000000002;22.022219177000398
32.0;2.1;21.928599198484214
32.0;2.24;21.8157444626323
32.0;2.3800000000000003;21.735855559070618
32.0;2.5200000000000005;21.728495189785544
32.0;2.66;21.812165382308567
32.0;2.8000000000000003;21.98013827441169
32.0;2.9400000000000004;22.201497044586002
32.0;3.08;22.427253573962034
32.0;3.22;22.600327096762566
32.0;3.3600000000000003;22.667334734491266
32.0;3.5000000000000004;22.589749236327457
32.0;3.6400000000000006;22.35211322828885
32.0;3.7800000000000002;21.96563514606277
32.0;3.9200000000000004;21.466488168403355
32.0;4.0600000000000005;20.909266548879266
32.0;4.2;20.357070267201827
32.0;4.340000000000001;19.87036386740063
32.0;4.48;19.496943982708498
32.0;4.62;19.2650205919345
32.0;4.760000000000001;19.18065657552349
32.0;4.9;19.229802436871953
32.0;5.040000000000001;19.384144099587434
32.0;5.180000000000001;19.60918354443552
32.0;5.32;19.872568777065414
32.0;5.460000000000001;20.150758104925245
32.0;5.6000000000000005;20.432608442817557
32.0;5.74;20.719282349929408
32.0;5.880000000000001;21.020772691923238
33.0;0.0;18.19936460082388
33.0;0.14;18.239854021888082
33.0;0.28;18.351129688552803
33.0;0.42000000000000004;18.550118758197584
33.0;0.56;18.84383816029437
33.0;0.7000000000000001;19.22657329892726
33.0;0.8400000000000001;19.678927368596636
33.0;0.9800000000000001;20.16928469590695
33.0;1.12;20.657779243866948
33.0;1.2600000000000002;21.102306474862097
33.0;1.4000000000000001;21.46558906889652
33.0;1.54;21.721940671842432
33.0;1.6800000000000002;21.862278306915204
33.0;1.8200000000000003;21.896168230230085
33.0;1.9600000000000002;21.850230466815198
33.0;2.1;21.762974700003884
33.0;2.24;21.67693560593826
33.0;2.3800000000000003;21.62963533071981
33.0;2.5200000000000005;21.6452596332916
33.0;2.66;21.72888792747757
33.0;2.8000000000000003;21.86465164938338
33.0;2.9400000000000004;22.0183943264861
33.0;3.08;22.14443833579168
33.0;3.22;22.195142908797642
33.0;3.3600000000000003;22.131278772878456
33.0;3.5000000000000004;21.931007297582163
33.0;3.6400000000000006;21.59550359021
33.0;3.7800000000000002;21.149959205432697
33.0;3.9200000000000004;20.63969199513455
33.0;4.0600000000000005;20.122157182377805
33.0;4.2;19.656552693555334
33.0;4.340000000000001;19.293236167994433
33.0;4.48;19.065198518705255
33.0;4.62;18.98336145153103
33.0;4.760000000000001;19.036593228533572
33.0;4.9;19.196269691253864
33.0;5.040000000000001;19.424192752714234
33.0;5.180000000000001;19.681949885250113
33.0;5.32;19.93952122236357
33.0;5.460000000000001;20.181174566329872
33.0;5.6000000000000005;20.407371565737
33.0;5.74;20.632374665219945
33.0;5.880000000000001;20.878263850758568
33.0;6.0200000000000005;21.16690538441351
34.0;0.0;18.749290734311305
34.0;0.14;18.917921373019364
34.0;0.28;19.128926792899122
34.0;0.42000000000000004;19.3871348289211
34.0;0.56;19.691250229259975
34.0;0.7000000000000001;20.032426158752788
34.0;0.8400000000000001;20.393998218964146
34.0;0.9800000000000001;20.752759444273188
34.0;1.12;21.08185622862021
34.0;1.2600000000000002;21.354993817104585
34.0;1.4000000000000001;21.551249005876493
34.0;1.54;21.659505475100907
34.0;1.6800000000000002;21.68144845127334
34.0;1.8200000000000003;21.63223278282722
34.0;1.9600000000000002;21.538362891770863
34.0;2.1;21.432918860692055
34.0;2.24;21.34890097241064
34.0;2.3800000000000003;21.31199102528294
34.0;2.5200000000000005;21.334300863623167
34.0;2.66;21.41060500751393
34.0;2.8000000000000003;21.5181209618856
34.0;2.9400000000000004;21.620181182057344
34.0;3.08;21.673284014717392
34.0;3.22;21.6362105910346
34.0;3.3600000000000003;21.47934338760585
34.0;3.5000000000000004;21.192164908870794
34.0;3.6400000000000006;20.78721073890098
34.0;3.7800000000000002;20.299454436475035
34.0;3.9200000000000004;19.781068045079788
34.0;4.0600000000000005;19.292518585445574
34.0;4.2;18.891794811501025
34.0;4.340000000000001;18.6240114680796
34.0;4.48;18.5135951320225
34.0;4.62;18.560714276866655
34.0;4.760000000000001;18.74269082098355
34.0;4.9;19.020027601623724
34.0;5.040000000000001;19.345657622494997
34.0;5.180000000000001;19.67530463500945
34.0;5.32;19.976608653909366
34.0;5.460000000000001;20.234971758825484
34.0;5.6000000000000005;20.454851078957155
34.0;5.74;20.656289069008185
34.0;5.880000000000001;20.867579187465825
34.0;6.0200000000000005;21.115860333628373
35.0;0.0;19.27467041885653
35.0;0.14;19.5522304956255
35.0;0.28;19.845993497063585
35.0;0.42000000000000004;20.14839736901851
35.0;0.56;20.450185143660615
35.0;0.7000000000000001;20.740144736307865
35.0;0.8400000000000001;21.00514741208816
35.0;0.9800000000000001;21.230804319662933
35.0;1.12;21.402931497999386
35.0;1.2600000000000002;21.50977128183522
35.0;1.4000000000000001;21.544624456204584
35.0;1.54;21.508291532878744
35.0;1.6800000000000002;21.41059352480038
35.0;1.8200000000000003;21.270307158013445
35.0;1.9600000000000002;21.113122827386796
35.0;2.1;20.967673053484432
35.0;2.24;20.86018836009207
35.0;2.3800000000000003;20.80878738878842
35.0;2.5200000000000005;20.8186693065116
35.0;2.66;20.87945465345338
35.0;2.8000000000000003;20.96558516499464
35.0;2.9400000000000004;21.0400915696191
35.0;3.08;21.061291880778786
35.0;3.22;20.991260627478177
35.0;3.3600000000000003;20.804390313484706
35.0;3.5000000000000004;20.494193345875967
35.0;3.6400000000000006;20.076735071659122
35.0;3.7800000000000002;19.589719549048247
35.0;3.9200000000000004;19.087146635949605
35.0;4.0600000000000005;18.630427862974607
35.0;4.2;18.277667274008138
35.0;4.340000000000001;18.073284250157776
35.0;4.48;18.04015384067307
35.0;4.62;18.175948214213538
35.0;4.760000000000001;18.454477267009576
35.0;4.9;18.83173971876955
35.0;5.040000000000001;19.255353662349286
35.0;5.180000000000001;19.67527900419829
35.0;5.32;20.05345357423151
35.0;5.460000000000001;20.37021436259848
35.0;5.6000000000000005;20.62611452319127
35.0;5.74;20.83880924544748
35.0;5.880000000000001;21.035825400621576
35.0;6.0200000000000005;21.244986143194474
36.0;0.0;19.708927366056088
36.0;0.14;20.05841066216555
36.0;0.28;20.405320237233152
36.0;0.42000000000000004;20.730798564126378
36.0;0.56;21.018488311534977
36.0;0.7000000000000001;21.25526119218914
36.0;0.8400000000000001;21.43133071272779
36.0;0.9800000000000001;21.540076003370615
36.0;1.12;21.57795567198159
36.0;1.2600000000000002;21.544788595261977
36.0;1.4000000000000001;21.444454275188935
36.0;1.54;21.285792372818655
36.0;1.6800000000000002;21.083253917903434
36.0;1.8200000000000003;20.85676299265
36.0;1.9600000000000002;20.630340108012582
36.0;2.1;20.429315893222295
36.0;2.24;20.2763667079045
36.0;2.3800000000000003;20.187027039565198
36.0;2.5200000000000005;20.165652399240187
36.0;2.66;20.20291106261228
36.0;2.8000000000000003;20.27571119149294
36.0;2.9400000000000004;20.350029013701114
36.0;3.08;20.386475479845203
36.0;3.22;20.347763787631326
36.0;3.3600000000000003;20.20668572044277
36.0;3.5000000000000004;19.95292319938346
36.0;3.6400000000000006;19.597109301487166
36.0;3.7800000000000002;19.171021936635167
36.0;3.9200000000000004;18.723561246204742
36.0;4.0600000000000005;18.313066996877644
36.0;4.2;17.997369140586464
36.0;4.340000000000001;17.823531956781153
36.0;4.48;17.819402501815695
36.0;4.62;17.988752877613447
36.0;4.760000000000001;18.311068617048253
36.0;4.9;18.746038889908917
36.0;5.040000000000001;19.241771867060624
36.0;5.180000000000001;19.744929391492366
36.0;5.32;20.21054642464741
36.0;5.460000000000001;20.609379845167794
36.0;5.6000000000000005;20.931207496454693
36.0;5.74;21.18344356883807
36.0;5.880000000000001;21.38553291794479
36.0;6.0200000000000005;21.5605786023861
37.0;0.0;19.976579938426088
37.0;0.14;20.355304220078022
37.0;0.28;20.723386923561062
37.0;0.42000000000000004;21.053011279013727
37.0;0.56;21.321946305730325
37.0;0.7000000000000001;21.515143087504573
37.0;0.8400000000000001;21.6248858350083
37.0;0.9800000000000001;21.649847505696833
37.0;1.12;21.5936313905484
37.0;1.2600000000000002;21.463412149587775
37.0;1.4000000000000001;21.269121696228066
37.0;1.54;21.02331606443684
37.0;1.6800000000000002;20.74151063010788
37.0;1.8200000000000003;20.442497941977685
37.0;1.9600000000000002;20.148059853003847
37.0;2.1;19.881599539038675
37.0;2.24;19.66553064849582
37.0;2.3800000000000003;19.517689253303306
37.0;2.5200000000000005;19.447456393343394
37.0;2.66;19.452562799598862
37.0;2.8000000000000003;19.517589246426166
37.0;2.9400000000000004;19.614932213592187
37.0;3.08;19.708507961168742
37.0;3.22;19.759824678367117
37.0;3.3600000000000003;19.735417609477388
37.0;3.5000000000000004;19.6141828936419
37.0;3.6400000000000006;19.39299706579423
37.0;3.7800000000000002;19.0892359715756
37.0;3.9200000000000004;18.73938361237507
37.0;4.0600000000000005;18.393732820267985
37.0;4.2;18.10804489770761
37.0;4.340000000000001;17.933750336193306
37.0;4.48;17.90865985139745
37.0;4.62;18.05010834441762
37.0;4.760000000000001;18.35196877422765
37.0;4.9;18.78614857107082
37.0;5.040000000000001;19.308202742946797
37.0;5.180000000000001;19.865791543585487
37.0;5.32;20.408090481376185
37.0;5.460000000000001;20.894075992760474
37.0;5.6000000000000005;21.29790867721976
37.0;5.74;21.610349796159856
37.0;5.880000000000001;21.836107617816868
38.0;0.0;20.02571384906343
38.0;0.14;20.398388518759763
38.0;0.28;20.763402460924034
38.0;0.42000000000000004;21.08711718401867
38.0;0.56;21.34282258050936
38.0;0.7000000000000001;21.513120813746994
38.0;0.8400000000000001;21.590256599840462
38.0;0.9800000000000001;21.574732146609424
38.0;1.12;21.47293757572892
38.0;1.2600000000000002;21.294684981021188
38.0;1.4000000000000001;21.051422816683356
38.0;1.54;20.755568953143655
38.0;1.6800000000000002;20.420940964473083
38.0;1.8200000000000003;20.063820867815117
38.0;1.9600000000000002;19.703903982741583
38.0;2.1;19.364340600766948
38.0;2.24;19.070307964196672
38.0;2.3800000000000003;18.845993889874876
38.0;2.5200000000000005;18.710412348139105
38.0;2.66;18.672951485496935
38.0;2.8000000000000003;18.72982937226463
38.0;2.9400000000000004;18.862603760623337
38.0;3.08;19.039528460786418
38.0;3.22;19.219936830935236
38.0;3.3600000000000003;19.36110248365856
38.0;3.5000000000000004;19.42635936051631
38.0;3.6400000000000006;19.39283378287664
38.0;3.7800000000000002;19.257075298804704
38.0;3.9200000000000004;19.037211334133183
38.0;4.0600000000000005;18.77093401366328
38.0;4.2;18.509509076408904
38.0;4.340000000000001;18.308874976699116
38.0;4.48;18.219567105044465
38.0;4.62;18.27749444600821
38.0;4.760000000000001;18.497436782243195
38.0;4.9;18.870549329575514
38.0;5.040000000000001;19.36628940410441
38.0;5.180000000000001;19.938218280268494
38.0;5.32;20.532305340000573
38.0;5.460000000000001;21.095863747949863
38.0;5.6000000000000005;21.585191299172994
38.0;5.74;21.97038421601609
38.0;5.880000000000001;22.236534519845364
39.0;0.0;19.866390899369094
39.0;0.14;20.214074379536843
39.0;0.28;20.565327946511275
39.0;0.42000000000000004;20.88400615886901
39.0;0.56;21.140282225877712
39.0;0.7000000000000001;21.313749360050647
39.0;0.8400000000000001;21.39417936813041
39.0;0.9800000000000001;21.38019904096144
39.0;1.12;21.276659550866075
39.0;1.2600000000000002;21.091740754294936
39.0;1.4000000000000001;20.83478586529585
39.0;1.54;20.515523312297525
39.0;1.6800000000000002;20.1448030214126
39.0;1.8200000000000003;19.736408479294877
39.0;1.9600000000000002;19.30907000488037
39.0;2.1;18.88763144059928
39.0;2.24;18.502474194709585
39.0;2.3800000000000003;18.18675219976906
39.0;2.5200000000000005;17.97162732567643
39.0;2.66;17.880348387452077
39.0;2.8000000000000003;17.922505622082348
39.0;2.9400000000000004;18.089968377944754
39.0;3.08;18.355803963864055
39.0;3.22;18.676904867592864
39.0;3.3600000000000003;19.0002398418164
39.0;3.5000000000000004;19.271779958417106
39.0;3.6400000000000006;19.446445009380678
39.0;3.7800000000000002;19.49705054805906
39.0;3.9200000000000004;19.42031744732034
39.0;4.0600000000000005;19.238535475117505
39.0;4.2;18.99634342595139
39.0;4.340000000000001;18.753109491546944
39.0;4.48;18.572335418680368
39.0;4.62;18.510150223848253
39.0;4.760000000000001;18.60515458339693
39.0;4.9;18.871579642957254
39.0;5.040000000000001;19.297002796356352
39.0;5.180000000000001;19.84488525413656
39.0;5.32;20.461187458125842
39.0;5.460000000000001;21.08350823994697
39.0;5.6000000000000005;21.650761109239607
39.0;5.74;22.111432645554096
39.0;5.880000000000001;22.42893845430292
40.0;0.0;19.58583862247939
40.0;0.14;19.90810730825641
40.0;0.28;20.248438376302115
40.0;0.42000000000000004;20.571022528168587
40.0;0.56;20.844076769724964
40.0;0.7000000000000001;21.043571045358053
40.0;0.8400000000000001;21.154678542360486
40.0;0.9800000000000001;21.17105831184547
40.0;1.12;21.09266020936073
40.0;1.2600000000000002;20.92309287243995
40.0;1.4000000000000001;20.667623389281104
40.0;1.54;20.332579144667733
40.0;1.6800000000000002;19.926384961631978
40.0;1.8200000000000003;19.4618467057725
40.0;1.9600000000000002;18.958767439180672
40.0;2.1;18.445713548989726
40.0;2.24;17.95982972156642
40.0;2.3800000000000003;17.544033513174803
40.0;2.5200000000000005;17.24160604019133
40.0;2.66;17.0889635412207
40.0;2.8000000000000003;17.108041270746003
40.0;2.9400000000000004;17.30006210887732
40.0;3.08;17.642381812785533
40.0;3.22;18.089587008923242
40.0;3.3600000000000003;18.57916660163131
40.0;3.5000000000000004;19.041068379371495
40.0;3.6400000000000006;19.40952398798725
40.0;3.7800000000000002;19.634902596430894
40.0;3.9200000000000004;19.693198307057376
40.0;4.0600000000000005;19.591125597925313
40.0;4.2;19.36562636916509
40.0;4.340000000000001;19.077708207565113
40.0;4.48;18.801693141317006
40.0;4.62;18.611902640192206
40.0;4.760000000000001;18.56932742834492
40.0;4.9;18.71081484316282
40.0;5.040000000000001;19.04275918998707
40.0;5.180000000000001;19.540328869245617
40.0;5.32;20.152124333770036
40.0;5.460000000000001;20.80908747780784
40.0;5.6000000000000005;21.435708580472124
40.0;5.74;21.961259125173473
40.0;5.880000000000001;22.32896579519816
41.0;0.0;19.32211286770195
41.0;0.14;19.6330147463392
41.0;0.28;19.974288814344824
41.0;0.42000000000000004;20.312317523725888
41.0;0.56;20.6141909903693
41.0;0.7000000000000001;20.851928832271753
41.0;0.8400000000000001;21.004814161379993
41.0;0.9800000000000001;21.059737277971983
41.0;1.12;21.010030711475018
41.0;1.2600000000000002;20.853678181793374
41.0;1.4000000000000001;20.591886735255546
41.0;1.54;20.22879520104122
41.0;1.6800000000000002;19.77261594826261
41.0;1.8200000000000003;19.237909029786504
41.0;1.9600000000000002;18.64814575691623
41.0;2.1;18.037401581209032
41.0;2.24;17.450039457217876
41.0;2.3800000000000003;16.93762926743004
41.0;2.5200000000000005;16.553021155608636
41.0;2.66;16.342290749893255
41.0;2.8000000000000003;16.335995668920226
41.0;2.9400000000000004;16.541624118316566
41.0;3.08;16.939134604864165
41.0;3.22;17.48103578048298
41.0;3.3600000000000003;18.097607053374535
41.0;3.5000000000000004;18.706787114642175
41.0;3.6400000000000006;19.227197714084717
41.0;3.7800000000000002;19.59197277104137
41.0;3.9200000000000004;19.76072742353936
41.0;4.0600000000000005;19.72722785660799
41.0;4.2;19.521084466353116
41.0;4.340000000000001;19.20293831104667
41.0;4.48;18.853902612119068
41.0;4.62;18.5611788075695
41.0;4.760000000000001;18.402538240864953
41.0;4.9;18.43257822844205
41.0;5.040000000000001;18.673279994338493
41.0;5.180000000000001;19.110503419489937
41.0;5.32;19.69684901415743
41.0;5.460000000000001;20.360065310625014
41.0;5.6000000000000005;21.01514832014116
41.0;5.74;21.57768026524126
41.0;5.880000000000001;21.975895700436272
42.0;0.0;19.20332136242138
42.0;0.14;19.524041680729493
42.0;0.28;19.88121957531174
42.0;0.42000000000000004;20.244035630232244
42.0;0.56;20.578863889153514
42.0;0.7000000000000001;20.853829261535907
42.0;0.8400000000000001;21.04209706109483
42.0;0.9800000000000001;21.123551628432907
42.0;1.12;21.08504564560071
42.0;1.2600000000000002;20.919814926116707
42.0;1.4000000000000001;20.626835490826885
42.0;1.54;20.21079877036803
42.0;1.6800000000000002;19.683028183103623
42.0;1.8200000000000003;19.063163457414795
42.0;1.9600000000000002;18.380952761374694
42.0;2.1;17.677176941087296
42.0;2.24;17.00270470596482
42.0;2.3800000000000003;16.41498589223089
42.0;2.5200000000000005;15.97188232838804
42.0;2.66;15.723477214438422
42.0;2.8000000000000003;15.703204830930584
42.0;2.9400000000000004;15.920106180607307
42.0;3.08;16.354090706093153
42.0;3.22;16.955704743893094
42.0;3.3600000000000003;17.65111904928372
42.0;3.5000000000000004;18.352001455704965
42.0;3.6400000000000006;18.968862039390327
42.0;3.7800000000000002;19.425596048149185
42.0;3.9200000000000004;19.67251762592635
42.0;4.0600000000000005;19.695299773648312
42.0;4.2;19.517915862577258
42.0;4.340000000000001;19.198791043943874
42.0;4.48;18.820691482551194
42.0;4.62;18.476126209673104
42.0;4.760000000000001;18.250941502778627
42.0;4.9;18.209153687761233
42.0;5.040000000000001;18.38181282854688
42.0;5.180000000000001;18.761872264016024
42.0;5.32;19.305835665526462
42.0;5.460000000000001;19.94162454138422
42.0;5.6000000000000005;20.580937848579318
42.0;5.74;21.133603311407917
42.0;5.880000000000001;21.521194411167855
43.0;0.0;19.2834870860081
43.0;0.14;19.635093159495103
43.0;0.28;20.021664308813733
43.0;0.42000000000000004;20.41458924755516
43.0;0.56;20.779480545000983
43.0;0.7000000000000001;21.080909053142843
43.0;0.8400000000000001;21.286603844682347
43.0;0.9800000000000001;21.37053637132281
43.0;1.12;21.31472226867005
43.0;1.2600000000000002;21.109963872322364
43.0;1.4000000000000001;20.756003682334484
43.0;1.54;20.261592857170683
43.0;1.6800000000000002;19.64479578027549
43.0;1.8200000000000003;18.933517363406025
43.0;1.9600000000000002;18.165870606275128
43.0;2.1;17.389732327274647
43.0;2.24;16.660777300795914
43.0;2.3800000000000003;16.038490635696732
43.0;2.5200000000000005;15.580112818623858
43.0;2.66;15.3330717354984
43.0;2.8000000000000003;15.327046076841146
43.0;2.9400000000000004;15.567213134661069
43.0;3.08;16.03031880708037
43.0;3.22;16.66489693271398
43.0;3.3600000000000003;17.396283002085717
43.0;3.5000000000000004;18.136135596191608
43.0;3.6400000000000006;18.795193675374268
43.0;3.7800000000000002;19.29718584010726
43.0;3.9200000000000004;19.591372418044983
43.0;4.0600000000000005;19.661271924853384
43.0;4.2;19.52771972249204
43.0;4.340000000000001;19.245428305035006
43.0;4.48;18.89346362007416
43.0;4.62;18.56125959719558
43.0;4.760000000000001;18.332702653772447
43.0;4.9;18.2712278844975
43.0;5.040000000000001;18.408683989188646
43.0;5.180000000000001;18.739979436257908
43.0;5.32;19.22437542159743
43.0;5.460000000000001;19.792987048646545
43.0;5.6000000000000005;20.360870259435575
43.0;5.74;20.841255463875182
44.0;0.0;19.51256706508543
44.0;0.14;19.910928017013727
44.0;0.28;20.336809430302964
44.0;0.42000000000000004;20.762377700245843
44.0;0.56;21.15201403545193
44.0;0.7000000000000001;21.46710995952246
44.0;0.8400000000000001;21.671066084414196
44.0;0.9800000000000001;21.733698937232642
44.0;1.12;21.634533156003926
44.0;1.2600000000000002;21.36479518476718
44.0;1.4000000000000001;20.92822386631626
44.0;1.54;20.340988506327758
44.0;1.6800000000000002;19.63101737101784
44.0;1.8200000000000003;18.836906974659858
44.0;1.9600000000000002;18.00637281240657
44.0;2.1;17.19401174270191
44.0;2.24;16.458068991434207
44.0;2.3800000000000003;15.855999198702403
44.0;2.5200000000000005;15.438885721542947
44.0;2.66;15.245177854797975
44.0;2.8000000000000003;15.2946135520305
44.0;2.9400000000000004;15.583484752988658
44.0;3.08;16.082456758347814
44.0;3.22;16.737905347421826
44.0;3.3600000000000003;17.47719337070849
44.0;3.5000000000000004;18.217561253400266
44.0;3.6400000000000006;18.877507916238095
44.0;3.7800000000000002;19.38887654850478
44.0;3.9200000000000004;19.707506742630315
44.0;4.0600000000000005;19.820385914690405
44.0;4.2;19.747752594171892
44.0;4.340000000000001;19.5394922770778
44.0;4.48;19.266252159739693
44.0;4.62;19.006757641074152
44.0;4.760000000000001;18.83360946045042
44.0;4.9;18.800193130468887
44.0;5.040000000000001;18.93115240888618
44.0;5.180000000000001;19.21819286764362
44.0;5.32;19.621930035119238
44.0;5.460000000000001;20.079301819006528
44.0;5.6000000000000005;20.514982583189546
44.0;5.74;20.854496820398484
45.0;0.0;19.76125282694136
45.0;0.14;20.21437442582693
45.0;0.28;20.685519119162983
45.0;0.42000000000000004;21.145935006961924
45.0;0.56;21.558000016811757
45.0;0.7000000000000001;21.880040709497663
45.0;0.8400000000000001;22.07202840538348
45.0;0.9800000000000001;22.101172444071135
45.0;1.12;21.946548293860214
45.0;1.2600000000000002;21.602171576518792
45.0;1.4000000000000001;21.078269620874913
45.0;1.54;20.400816374034864
45.0;1.6800000000000002;19.60961245536461
45.0;1.8200000000000003;18.755278292623103
45.0;1.9600000000000002;17.895499031401904
45.0;2.1;17.090766783223376
45.0;2.24;16.39977728565422
45.0;2.3800000000000003;15.874614576530611
45.0;2.5200000000000005;15.555928810130993
45.0;2.66;15.468465957118266
45.0;2.8000000000000003;15.61748951644372
45.0;2.9400000000000004;15.986763280440666
45.0;3.08;16.53875978882686
45.0;3.22;17.217567871905693
45.0;3.3600000000000003;17.95459061623606
45.0;3.5000000000000004;18.676607003562932
45.0;3.6400000000000006;19.31522266958286
45.0;3.7800000000000002;19.81629225235503
45.0;3.9200000000000004;20.14768666147777
45.0;4.0600000000000005;20.30389100080861
45.0;4.2;20.306371145097778
45.0;4.340000000000001;20.199375860315122
45.0;4.48;20.041710129769694
45.0;4.62;19.89584137163747
45.0;4.760000000000001;19.816296201229097
45.0;4.9;19.83952439887977
45.0;5.040000000000001;19.97718001184148
45.0;5.180000000000001;20.214126922045605
45.0;5.32;20.511543747834203
45.0;5.460000000000001;20.814476847525338
45.0;5.6000000000000005;21.0622932351681
45.0;5.74;21.199915399578327
46.0;0.0;19.889901111282903
46.0;0.14;20.39671525177507
46.0;0.28;20.914841468556737
46.0;0.42000000000000004;21.41329809755192
46.0;0.56;21.851601240802776
46.0;0.7000000000000001;22.18466100336211
46.0;0.8400000000000001;22.369154867765282
46.0;0.9800000000000001;22.370229075744977
46.0;1.12;22.16734592612181
46.0;1.2600000000000002;21.758301343766693
46.0;1.4000000000000001;21.16081430326652
46.0;1.54;20.411537892750346
46.0;1.6800000000000002;19.562758243264863
46.0;1.8200000000000003;18.677352663092005
46.0;1.9600000000000002;17.822732764420135
46.0;2.1;17.064507126151742
46.0;2.24;16.460501494590787
46.0;2.3800000000000003;16.055630302398722
46.0;2.5200000000000005;15.877974919564764
46.0;2.66;15.936323341592457
46.0;2.8000000000000003;16.219364440472063
46.0;2.9400000000000004;16.696681447398518
46.0;3.08;17.32161361174321
46.0;3.22;18.035916080491003
46.0;3.3600000000000003;18.77593283773754
46.0;3.5000000000000004;19.47972709085434
46.0;3.6400000000000006;20.094343178458022
46.0;3.7800000000000002;20.582181506789546
46.0;3.9200000000000004;20.925431385150713
46.0;4.0600000000000005;21.127679484176678
46.0;4.2;21.212201529505613
46.0;4.340000000000001;21.217002651861016
46.0;4.48;21.187296119777354
46.0;4.62;21.16666691669562
46.0;4.760000000000001;21.188520034301355
46.0;4.9;21.26946076404937
46.0;5.040000000000001;21.40595559291357
46.0;5.180000000000001;21.575016002372813
46.0;5.32;21.738847700535405
46.0;5.460000000000001;21.85258227998868
46.0;5.6000000000000005;21.87354110706009
47.0;0.0;19.823987304981102
47.0;0.14;20.373665391506584
47.0;0.28;20.935074359871425
47.0;0.42000000000000004;21.474627295217047
47.0;0.56;21.94830939215816
47.0;0.7000000000000001;22.306780479896275
47.0;0.8400000000000001;22.50252327004196
47.0;0.9800000000000001;22.497711691747178
47.0;1.12;22.27130267091252
47.0;1.2600000000000002;21.824002779343083
47.0;1.4000000000000001;21.180177800437267
47.0;1.54;20.386352546036647
47.0;1.6800000000000002;19.506558315081765
47.0;1.8200000000000003;18.61530109509245
47.0;1.9600000000000002;17.789254444907417
47.0;2.1;17.098887347986235
47.0;2.24;16.601132405742305
47.0;2.3800000000000003;16.33393820827124
47.0;2.5200000000000005;16.313207537383565
47.0;2.66;16.532275084884127
47.0;2.8000000000000003;16.96378017450472
47.0;2.9400000000000004;17.563568490196264
47.0;3.08;18.27611143894231
47.0;3.22;19.0408442280568
47.0;3.3600000000000003;19.798772310362665
47.0;3.5000000000000004;20.498668659243226
47.0;3.6400000000000006;21.102186673744928
47.0;3.7800000000000002;21.587266635296658
47.0;3.9200000000000004;21.949345234307792
47.0;4.0600000000000005;22.200107279496304
47.0;4.2;22.36384311467309
47.0;4.340000000000001;22.47185966369288
47.0;4.48;22.555771651041866
47.0;4.62;22.640787431536705
47.0;4.760000000000001;22.7402173600547
47.0;4.9;22.85231364424976
47.0;5.040000000000001;22.960187655398848
47.0;5.180000000000001;23.0349900459327
47.0;5.32;23.041881753126408
47.0;5.460000000000001;22.947707462427203
47.0;5.6000000000000005;22.72885099089614
48.0;0.0;19.592906687361094
48.0;0.14;20.164671882074785
48.0;0.28;20.758472215752434
48.0;0.42000000000000004;21.33897077196092
48.0;0.56;21.8584141740862
48.0;0.7000000000000001;22.262098329235528
48.0;0.8400000000000001;22.49649032310405
48.0;0.9800000000000001;22.518474128972272
48.0;1.12;22.303892540107046
48.0;1.2600000000000002;21.853659941592376
48.0;1.4000000000000001;21.196184090428485
48.0;1.54;20.385546244699
48.0;1.6800000000000002;19.49568713381229
48.0;1.8200000000000003;18.611563060307457
48.0;1.9600000000000002;17.818733665672486
48.0;2.1;17.193040098704163
48.0;2.24;16.79191849785483
48.0;2.3800000000000003;16.648521991674617
48.0;2.5200000000000005;16.76929279068582
48.0;2.66;17.135050042557868
48.0;2.8000000000000003;17.705144972520255
48.0;2.9400000000000004;18.423858031816373
48.0;3.08;19.228008500954374
48.0;3.22;20.054711631193772
48.0;3.3600000000000003;20.848320428870977
48.0;3.5000000000000004;21.56578453418492
48.0;3.6400000000000006;22.179905260315934
48.0;3.7800000000000002;22.680232964639018
48.0;3.9200000000000004;23.0716229301072
48.0;4.0600000000000005;23.37072958292564
48.0;4.2;23.600966646060694
48.0;4.340000000000001;23.786674906668694
48.0;4.48;23.94739007612454
48.0;4.62;24.093152907216066
48.0;4.760000000000001;24.221716509101224
48.0;4.9;24.31826216411168
48.0;5.040000000000001;24.357845191434787
48.0;5.180000000000001;24.310304196288552
48.0;5.32;24.146863190224185
49.0;0.0;19.309323238219516
49.0;0.14;19.873595258833973
49.0;0.28;20.480724806834896
49.0;0.42000000000000004;21.095656325715208
49.0;0.56;21.667343683890458
49.0;0.7000000000000001;22.13469974785755
49.0;0.8400000000000001;22.43592247166866
49.0;0.9800000000000001;22.519418758412133
49.0;1.12;22.354136511302528
49.0;1.2600000000000002;21.93718142889671
49.0;1.4000000000000001;21.297112554991916
49.0;1.54;20.492155478296056
49.0;1.6800000000000002;19.60355481266202
49.0;1.8200000000000003;18.72519847055568
49.0;1.9600000000000002;17.95130267705528
49.0;2.1;17.364231092237294
49.0;2.24;17.024401813109808
49.0;2.3800000000000003;16.963765770467173
49.0;2.5200000000000005;17.183638707058012
49.0;2.66;17.656890415646952
49.0;2.8000000000000003;18.333791360257138
49.0;2.9400000000000004;19.150307133553856
49.0;3.08;20.037381103306284
49.0;3.22;20.92976207215299
49.0;3.3600000000000003;21.773173544004923
49.0;3.5000000000000004;22.529008836303404
49.0;3.6400000000000006;23.176186035069914
49.0;3.7800000000000002;23.710231915176166
49.0;3.9200000000000004;24.140029137822694
49.0;4.0600000000000005;24.482926080396773
49.0;4.2;24.75906438907083
49.0;4.340000000000001;24.985829210951362
49.0;4.48;25.17327847854711
49.0;4.62;25.321266860640048
49.0;4.760000000000001;25.418752462222383
49.0;4.9;25.445469748230956
49.0;5.040000000000001;25.3757918846558
49.0;5.180000000000001;25.184228633418794
50.0;0.0;19.101201689939348
50.0;0.14;19.622925257945322
50.0;0.28;20.217356799985332
50.0;0.42000000000000004;20.852534694142133
50.0;0.56;21.475275615437756
50.0;0.7000000000000001;22.017628532284853
50.0;0.8400000000000001;22.407563799196318
50.0;0.9800000000000001;22.581844436344493
50.0;1.12;22.498501680377114
50.0;1.2600000000000002;22.14636882802718
50.0;1.4000000000000001;21.549698632319135
50.0;1.54;20.766864944135534
50.0;1.6800000000000002;19.883311011744603
50.0;1.8200000000000003;19.000005842708966
50.0;1.9600000000000002;18.219482232698237
50.0;2.1;17.63190375772005
50.0;2.24;17.30349228814612
50.0;2.3800000000000003;17.269096518025307
50.0;2.5200000000000005;17.52983545697376
50.0;2.66;18.05579771816604
50.0;2.8000000000000003;18.79291139391645
50.0;2.9400000000000004;19.672477430390686
50.0;3.08;20.621573130827777
50.0;3.22;21.572595979575503
50.0;3.3600000000000003;22.47057519935591
50.0;3.5000000000000004;23.27742403070485
50.0;3.6400000000000006;23.97291433061315
50.0;3.7800000000000002;24.552710361152116
50.0;3.9200000000000004;25.024215215648816
50.0;4.0600000000000005;25.401217803786086
50.0;4.2;25.698378403534456
50.0;4.340000000000001;25.92648522301826
50.0;4.48;26.089198226952085
50.0;4.62;26.181716797315865
50.0;4.760000000000001;26.19150427815078
50.0;4.9;26.10090424307606
0.0;5.460000000000001;9.007477113341428
0.0;5.6000000000000005;9.52277110810694
0.0;5.74;9.98054159260782
0.0;5.880000000000001;10.304993521348793
0.0;6.0200000000000005;10.43903887074434
0.0;6.16;10.354345317289011
0.0;6.300000000000001;10.056494985533455
0.0;6.44;9.58448832407658
0.0;6.580000000000001;9.004795926720524
0.0;6.720000000000001;8.40103844460513
0.0;6.86;7.8610285186778786
0.0;7.0;7.463256545336481
1.0;5.460000000000001;9.396335102100426
1.0;5.6000000000000005;9.775293569370415
1.0;5.74;10.098779305144337
1.0;5.880000000000001;10.308032247197623
1.0;6.0200000000000005;10.36103566428226
1.0;6.16;10.240198455189331
1.0;6.300000000000001;9.955733950904728
1.0;6.44;9.544300190372853
1.0;6.580000000000001;9.063278924324566
1.0;6.720000000000001;8.58175803642176
1.0;6.86;8.169747164134229
1.0;7.0;7.887351746394389
2.0;5.460000000000001;9.879231513539375
2.0;5.6000000000000005;10.052405817262317
2.0;5.74;10.164721913153763
2.0;5.880000000000001;10.181298129615062
2.0;6.0200000000000005;10.082110703723625
2.0;6.16;9.866337201177522
2.0;6.300000000000001;9.553138113936006
2.0;6.44;9.17890048707699
2.0;6.580000000000001;8.79157503845944
2.0;6.720000000000001;8.443174209301326
2.0;6.86;8.18171156777095
2.0;7.0;8.04385131539766
3.0;5.6000000000000005;10.296189533704855
3.0;5.74;10.178979724377495
3.0;5.880000000000001;9.982672862224
3.0;6.0200000000000005;9.711007808794376
3.0;6.16;9.38153703540475
3.0;6.300000000000001;9.023541195119254
3.0;6.44;8.673725836741685
3.0;6.580000000000001;8.370606987456924
3.0;6.720000000000001;8.148648352063582
3.0;6.86;8.033148113640983
3.0;7.0;8.036636246733089
4.0;5.6000000000000005;10.506236723972648
4.0;5.74;10.198946180867038
4.0;5.880000000000001;9.827137956966013
4.0;6.0200000000000005;9.415037429365633
4.0;6.16;8.995749223591107
4.0;6.300000000000001;8.606605465713415
4.0;6.44;8.283569310896798
4.0;6.580000000000001;8.05583433090489
4.0;6.720000000000001;7.94164351392185
4.0;6.86;7.946023752848133
4.0;7.0;8.060689255679874
5.0;5.6000000000000005;10.718122199248787
5.0;5.74;10.297705078555225
5.0;5.880000000000001;9.825733535207435
5.0;6.0200000000000005;9.340230268247998
5.0;6.16;8.883987261598765
5.0;6.300000000000001;8.498085303205471
5.0;6.44;8.215565220963995
5.0;6.580000000000001;8.056533895266412
5.0;6.720000000000001;8.025635525387168
5.0;6.86;8.112275668564774
5.0;7.0;8.293388906114565
6.0;5.6000000000000005;10.967294452809792
6.0;5.74;10.517223065098118
6.0;5.880000000000001;10.027459525755816
6.0;6.0200000000000005;9.542191615560313
6.0;6.16;9.10717457360369
6.0;6.300000000000001;8.762358814704548
6.0;6.44;8.535522023381503
6.0;6.580000000000001;8.438213862196086
6.0;6.720000000000001;8.464788465494607
6.0;6.86;8.594609392971446
6.0;7.0;8.79682923447658
7.0;5.74;10.842246454175317
7.0;5.880000000000001;10.394954250357953
7.0;6.0200000000000005;9.962968444175576
7.0;6.16;9.589541358040671
7.0;6.300000000000001;9.309656804124913
7.0;6.44;9.144258743341192
7.0;6.580000000000001;9.097313259975603
7.0;6.720000000000001;9.156267287173021
7.0;6.86;9.29569978937667
7.0;7.0;9.483262131672724
8.0;5.74;11.208641392013416
8.0;5.880000000000001;10.826336804796572
8.0;6.0200000000000005;10.465346464248528
8.0;6.16;10.163494668226589
8.0;6.300000000000001;9.948956189052456
8.0;6.44;9.8355178247709
8.0;6.580000000000001;9.820920331299511
8.0;6.720000000000001;9.888591989145933
8.0;6.86;10.012298240125688
8.0;7.0;10.162572340095295
9.0;5.74;11.539190852857931
9.0;5.880000000000001;11.209679527560079
9.0;6.0200000000000005;10.905011622833973
9.0;6.16;10.657278879854077
9.0;6.300000000000001;10.487976453691381
9.0;6.44;10.404479272711038
9.0;6.580000000000001;10.399698010031075
9.0;6.720000000000001;10.454954182072449
9.0;6.86;10.545344671001505
9.0;7.0;10.646279951868797
10.0;5.74;11.783232035879648
10.0;5.880000000000001;11.47783062065362
10.0;6.0200000000000005;11.200035960201998
10.0;6.16;10.977554062948336
10.0;6.300000000000001;10.82644306844022
10.0;6.44;10.748767104950247
10.0;6.580000000000001;10.73350500853689
10.0;6.720000000000001;10.76048224070598
10.0;6.86;10.806356207501038
10.0;7.0;10.851183211158034
11.0;5.74;11.934305894817292
11.0;5.880000000000001;11.631092917663478
11.0;6.0200000000000005;11.358631973388778
11.0;6.16;11.14179692412982
11.0;6.300000000000001;10.992364060697096
11.0;6.44;10.907682201723071
11.0;6.580000000000001;10.87273294813541
11.0;6.720000000000001;10.865094393164872
11.0;6.86;10.861610211647447
11.0;7.0;10.845140460906602
12.0;5.74;12.014245845571986
12.0;5.880000000000001;11.714632592539004
12.0;6.0200000000000005;11.450262414340347
12.0;6.16;11.243727205820049
12.0;6.300000000000001;11.102658834356387
12.0;6.44;11.019237505056212
12.0;6.580000000000001;10.973308104824381
12.0;6.720000000000001;10.938389178075452
12.0;6.86;10.889162584676507
12.0;7.0;10.808666132346275
13.0;5.74;12.03475912159434
13.0;5.880000000000001;11.765794375448014
13.0;6.0200000000000005;11.538973815240636
13.0;6.16;11.37370030858503
13.0;6.300000000000001;11.272364303392187
13.0;6.44;11.220570067446639
13.0;6.580000000000001;11.191229537370788
13.0;6.720000000000001;11.151612932137748
13.0;6.86;11.07175519832026
13.0;7.0;10.932296191192766
14.0;5.74;11.9645764330071
14.0;5.880000000000001;11.76695816454387
14.0;6.0200000000000005;11.62177623301368
14.0;6.16;11.543298950708303
14.0;6.300000000000001;11.526917015058263
14.0;6.44;11.550042457998062
14.0;6.580000000000001;11.577088980980227
14.0;6.720000000000001;11.567466750774958
14.0;6.86;11.484845662515607
14.0;7.0;11.30565845564828
15.0;5.74;11.73008037970662
15.0;5.880000000000001;11.638976302287583
15.0;6.0200000000000005;11.614170383088641
15.0;6.16;11.662797237250174
15.0;6.300000000000001;11.771879580218604
15.0;6.44;11.909895464924091
15.0;6.580000000000001;12.032488007746817
15.0;6.720000000000001;12.091142043118802
15.0;6.86;12.043005465550598
15.0;7.0;11.859795533996756
16.0;5.880000000000001;11.287220889827852
16.0;6.0200000000000005;11.39837204232557
16.0;6.16;11.59065509788581
16.0;6.300000000000001;11.842739621195928
16.0;6.44;12.115226752597557
16.0;6.580000000000001;12.356817411864379
16.0;6.720000000000001;12.513209632220889
16.0;6.86;12.536920250106874
16.0;7.0;12.396051552741648
17.0;5.880000000000001;10.679068708144282
17.0;6.0200000000000005;10.911508336777555
17.0;6.16;11.2313974281382
17.0;6.300000000000001;11.610886143991706
17.0;6.44;12.005865454476329
17.0;6.580000000000001;12.362197084628084
17.0;6.720000000000001;12.624197508379003
17.0;6.86;12.743699782232877
17.0;7.0;12.687928526389387
18.0;5.880000000000001;9.907723176454882
18.0;6.0200000000000005;10.223076825636866
18.0;6.16;10.626385390372318
18.0;6.300000000000001;11.086588786600688
18.0;6.44;11.559645686372388
18.0;6.580000000000001;11.99434102033432
18.0;6.720000000000001;12.339638825460252
18.0;6.86;12.552146961988958
18.0;7.0;12.60227906546449
19.0;5.880000000000001;9.198162879882995
19.0;6.0200000000000005;9.550728040431903
19.0;6.16;9.98033582820692
19.0;6.300000000000001;10.45653285913961
19.0;6.44;10.940587585601074
19.0;6.580000000000001;11.390383926269498
19.0;6.720000000000001;11.765972088921039
19.0;6.86;12.03468519791499
19.0;7.0;12.174868259409198
20.0;5.880000000000001;8.838723365986652
20.0;6.0200000000000005;9.193339714683368
20.0;6.16;9.597879336836776
20.0;6.300000000000001;10.025680831497938
20.0;6.44;10.44768787676282
20.0;6.580000000000001;10.836023450281756
20.0;6.720000000000001;11.167246763293122
20.0;6.86;11.424611663129408
20.0;7.0;11.598899636548012
21.0;5.880000000000001;9.06262165669481
21.0;6.0200000000000005;9.405403708025617
21.0;6.16;9.75307283773607
21.0;6.300000000000001;10.084531093969096
21.0;6.44;10.382900656482265
21.0;6.580000000000001;10.63752828913291
21.0;6.720000000000001;10.844724036510254
21.0;6.86;11.006989724558103
21.0;7.0;11.130845428599464
22.0;5.880000000000001;9.935095391157232
22.0;6.0200000000000005;10.272261980867945
22.0;6.16;10.554145536488761
22.0;6.300000000000001;10.765496785545734
22.0;6.44;10.902026847447779
22.0;6.580000000000001;10.970764227762059
22.0;6.720000000000001;10.98833140464737
22.0;6.86;10.977318229277097
22.0;7.0;10.961349099997031
23.0;5.880000000000001;11.305006043707802
23.0;6.0200000000000005;11.651001910883583
23.0;6.16;11.873405138592233
23.0;6.300000000000001;11.96226000751337
23.0;6.44;11.92477824888491
23.0;6.580000000000001;11.784103318103732
23.0;6.720000000000001;11.575393762076587
23.0;6.86;11.339777109338014
23.0;7.0;11.117174582608618
24.0;6.0200000000000005;13.21211947791509
24.0;6.16;13.382482854856873
24.0;6.300000000000001;13.356923156983555
24.0;6.44;13.152690197771136
24.0;6.580000000000001;12.806596395050892
24.0;6.720000000000001;12.36926563284117
24.0;6.86;11.897212792648851
24.0;7.0;11.444056789807696
25.0;6.0200000000000005;14.566960627913929
25.0;6.16;14.680716155078386
25.0;6.300000000000001;14.546160191736437
25.0;6.44;14.189868030313935
25.0;6.580000000000001;13.66028679243291
25.0;6.720000000000001;13.02046760512529
25.0;6.86;12.33876104014255
25.0;7.0;11.678989874957221
26.0;6.0200000000000005;15.421846379830884
26.0;6.16;15.45696847449382
26.0;6.300000000000001;15.20746316822963
26.0;6.44;14.709858394305009
26.0;6.580000000000001;14.023486589586232
26.0;6.720000000000001;13.221890081925515
26.0;6.86;12.382448714001965
26.0;7.0;11.575891090967575
27.0;6.0200000000000005;15.685506679807997
27.0;6.16;15.607893396246368
27.0;6.300000000000001;15.226388897378893
27.0;6.44;14.58919695688451
27.0;6.580000000000001;13.76713451189637
27.0;6.720000000000001;12.843763940268062
27.0;6.86;11.904064776312167
27.0;7.0;11.023422458700965
28.0;6.0200000000000005;15.48002828615045
28.0;6.16;15.25784351908099
28.0;6.300000000000001;14.725872545069416
28.0;6.44;13.945809023663468
28.0;6.580000000000001;13.001106500801871
28.0;6.720000000000001;11.985829594779073
28.0;6.86;10.992347087204495
28.0;7.0;10.099753673368125
29.0;6.0200000000000005;15.054596985354035
29.0;6.16;14.67546025243462
29.0;6.300000000000001;13.988180978095581
29.0;6.44;13.068499847220647
29.0;6.580000000000001;12.012878884047963
29.0;6.720000000000001;10.926129994637806
29.0;6.86;9.90811593008136
29.0;7.0;9.041517198454962
30.0;6.0200000000000005;14.649808585870076
30.0;6.16;14.133046163537934
30.0;6.300000000000001;13.312716072831389
30.0;6.44;12.276805284068221
30.0;6.580000000000001;11.133072613005517
30.0;6.720000000000001;9.995709086240705
30.0;6.86;8.971205456791104
30.0;7.0;8.145506416921235
31.0;6.0200000000000005;14.382736434726398
31.0;6.16;13.780575052616351
31.0;6.300000000000001;12.88156012878747
31.0;6.44;11.781419627113065
31.0;6.580000000000001;10.594721188273063
31.0;6.720000000000001;9.441090933224345
31.0;6.86;8.430696170672531
31.0;7.0;7.651100410380318
32.0;6.0200000000000005;14.208227047721454
32.0;6.16;13.59423305148917
32.0;6.300000000000001;12.695822764134634
32.0;6.44;11.609869948767548
32.0;6.580000000000001;10.450757663553661
32.0;6.720000000000001;9.336939966720603
32.0;6.86;8.376800648510226
32.0;7.0;7.65584683554513
33.0;6.16;13.417670433033663
33.0;6.300000000000001;12.606100909440702
33.0;6.44;11.625203953815776
33.0;6.580000000000001;10.580891037934668
33.0;6.720000000000001;9.582094948846786
33.0;6.86;8.727986168649808
33.0;7.0;8.096404072514229
34.0;6.16;13.065984619698028
34.0;6.300000000000001;12.412003149654199
34.0;6.44;11.618061483420215
34.0;6.580000000000001;10.773782755706192
34.0;6.720000000000001;9.970162095096743
34.0;6.86;9.289158607435397
34.0;7.0;8.794356842720088
35.0;6.16;12.433333110739255
35.0;6.300000000000001;11.974073486193893
35.0;6.44;11.41928787294761
35.0;6.580000000000001;10.836686473017469
35.0;6.720000000000001;10.29273054407891
35.0;6.86;9.84542849881972
35.0;7.0;9.538088863982383
36.0;6.16;11.54887272896277
36.0;6.300000000000001;11.2814061203149
36.0;6.44;10.976600612272682
36.0;6.580000000000001;10.67794460110305
36.0;6.720000000000001;10.424077630965265
36.0;6.86;10.245227406457927
36.0;7.0;10.160567407475245
37.0;6.0200000000000005;10.667905763487607
37.0;6.16;10.557917631900123
37.0;6.300000000000001;10.44696456867596
37.0;6.44;10.363580903657816
37.0;6.580000000000001;10.328263091993517
37.0;6.720000000000001;10.352493824409331
37.0;6.86;10.438742762709772
37.0;7.0;10.58144901031844
38.0;6.0200000000000005;9.722629499853838
38.0;6.16;9.64645627239825
38.0;6.300000000000001;9.642485725838196
38.0;6.44;9.726804221041531
38.0;6.580000000000001;9.901056021600233
38.0;6.720000000000001;10.15386259746583
38.0;6.86;10.463785007164205
38.0;7.0;10.803425611842698
39.0;6.0200000000000005;9.021260034051648
39.0;6.16;8.954743286118351
39.0;6.300000000000001;9.013997436748145
39.0;6.44;9.206687991860603
39.0;6.580000000000001;9.521514929431811
39.0;6.720000000000001;9.931087114569477
39.0;6.86;10.396819337844756
39.0;7.0;10.875207754112639
40.0;6.0200000000000005;8.580512606146632
40.0;6.16;8.52605756980726
40.0;6.300000000000001;8.623317938882778
40.0;6.44;8.875373546156643
40.0;6.580000000000001;9.264449382634513
40.0;6.720000000000001;9.755124382710436
40.0;6.86;10.299893903689103
40.0;7.0;10.846412304061438
41.0;6.0200000000000005;8.33162213563407
41.0;6.16;8.312251965640069
41.0;6.300000000000001;8.440953890223597
41.0;6.44;8.719534168794691
41.0;6.580000000000001;9.129848534283669
41.0;6.720000000000001;9.636224586104955
41.0;6.86;10.190399724932037
41.0;7.0;10.738487837223989
42.0;6.0200000000000005;8.182449437014423
42.0;6.16;8.224147332823692
42.0;6.300000000000001;8.385024988766121
42.0;6.44;8.66850580207414
42.0;6.580000000000001;9.06128578177508
42.0;6.720000000000001;9.534020385944181
42.0;6.86;10.044541398925368
42.0;7.0;10.543485998047803
43.0;5.880000000000001;8.026779651013735
43.0;6.0200000000000005;8.080287724893202
43.0;6.16;8.19153733526975
43.0;6.300000000000001;8.377067027984356
43.0;6.44;8.644607913199824
43.0;6.580000000000001;8.989745057696748
43.0;6.720000000000001;9.394231034101322
43.0;6.86;9.826748301515318
43.0;7.0;10.246487351017395
44.0;5.880000000000001;7.886701903919844
44.0;6.0200000000000005;8.037384509853208
44.0;6.16;8.19659137112112
44.0;6.300000000000001;8.380903012676962
44.0;6.44;8.604827793653872
44.0;6.580000000000001;8.87550091353614
44.0;6.720000000000001;9.188391278365263
44.0;6.86;9.52533992579607
44.0;7.0;9.855812402451553
45.0;5.880000000000001;7.9120561038117145
45.0;6.0200000000000005;8.106285194136012
45.0;6.16;8.264308420016075
45.0;6.300000000000001;8.40554066621792
45.0;6.44;8.55306071605214
45.0;6.580000000000001;8.726480703351104
45.0;6.720000000000001;8.935252611149208
45.0;6.86;9.174198722356076
45.0;7.0;9.422607335557583
46.0;5.74;7.916268849547052
46.0;5.880000000000001;8.158694698070217
46.0;6.0200000000000005;8.323461317975593
46.0;6.16;8.421296788642403
46.0;6.300000000000001;8.476799460078155
46.0;6.44;8.521951345738628
46.0;6.580000000000001;8.58761119435669
46.0;6.720000000000001;8.695036850584987
46.0;6.86;8.849551559302805
46.0;7.0;9.038025218951136
47.0;5.74;8.424715211907607
47.0;5.880000000000001;8.587754474572339
47.0;6.0200000000000005;8.658861863088784
47.0;6.16;8.653040900217917
47.0;6.300000000000001;8.600710035092153
47.0;6.44;8.54088623786882
47.0;6.580000000000001;8.512032389293484
47.0;6.720000000000001;8.542724358869473
47.0;6.86;8.64439829911221
47.0;7.0;8.808004319460677
48.0;5.460000000000001;8.712804959050292
48.0;5.6000000000000005;8.9073298462136
48.0;5.74;9.026213493944283
48.0;5.880000000000001;9.057703953842786
48.0;6.0200000000000005;9.005373567181728
48.0;6.16;8.88959181309017
48.0;6.300000000000001;8.744710266850895
48.0;6.44;8.61247044101491
48.0;6.580000000000001;8.533109580990795
48.0;6.720000000000001;8.536257583480696
48.0;6.86;8.633836250019131
48.0;7.0;8.81675624769773
49.0;5.32;9.425684716761811
49.0;5.460000000000001;9.504319794245001
49.0;5.6000000000000005;9.52576697534631
49.0;5.74;9.48329853004094
49.0;5.880000000000001;9.377073770753299
49.0;6.0200000000000005;9.218492311446044
49.0;6.16;9.031445095665521
49.0;6.300000000000001;8.849875385120969
49.0;6.44;8.712052637703799
49.0;6.580000000000001;8.6528592900126
49.0;6.720000000000001;8.695967408356008
49.0;6.86;8.847892485548268
49.0;7.0;9.095524445952366
50.0;5.040000000000001;10.104193410180375
50.0;5.180000000000001;10.112844675071193
50.0;5.32;10.050889066607079
50.0;5.460000000000001;9.936413617414184
50.0;5.6000000000000005;9.781642192521259
50.0;5.74;9.596438316594629
50.0;5.880000000000001;9.392534698509152
50.0;6.0200000000000005;9.186842137421998
50.0;6.16;9.002542384159758
50.0;6.300000000000001;8.867371010196615
50.0;6.44;8.809353538356389
50.0;6.580000000000001;8.85104114703119
50.0;6.720000000000001;9.003794074974602
50.0;6.86;9.263749181573726
50.0;7.0;9.610758061376377
